0	0
1	5
2	7
3	8
4	10	2817	1175
5	15
6	21
7	24
8	27
9	36
10	50
11	57
12	60
13	69
14	72
15	79
16	80
17	81
18	84
19	85	1370	1862	4562	661
20	86
21	87
22	88
23	93
24	100
25	102
26	108	322	619
27	117
28	118
29	123
30	124
31	125	7301	2254	4115
32	127
33	130
34	134
35	143
36	144
37	152
38	154
39	155	5560	1075
40	157
41	162
42	163
43	166
44	168
45	169	6092	4169	2721
46	172
47	177
48	178	2132	3586	5167	2240
49	186	1058	6426
50	191
51	195
52	196
53	200
54	204	1749	2598	1855	3948
55	205
56	210
57	215	1333	4280	1609
58	217	6375	5404	1856	1596	6682	1207	1629	4550	4395	2106	4840	1895	2800	1	2698	3590	352	4057	6303	6425	5339	1397	2830	1899	1689	651	297	1349
59	225
60	227
61	230
62	233
63	238
64	241
65	246	3312	1942	2158	231	3977	366	9
66	249
67	250	1411	4756	2794	759
68	255
69	256
70	261
71	264
72	272
73	274
74	275
75	278
76	284
77	287
78	294
79	301
80	303
81	304	2355	3978
82	305
83	310
84	311
85	318
86	320
87	327
88	328
89	330
90	337
91	338
92	340
93	341
94	347	686	2067
95	348
96	350
97	356
98	362
99	364
100	372
101	373
102	375	1381	4058	2201	3433
103	376	4722
104	379	5754	280	107	98	188	128	232	692	2629	5493	2165	198
105	383
106	384
107	386
108	390
109	391
110	394
111	405
112	412
113	413
114	414
115	416
116	423
117	431
118	436	987	6342	6813	4289	1539
119	437
120	441
121	447	302	3658	4385	259
122	451
123	458
124	463
125	467
126	476
127	477	3808	2645	3906	6389
128	478
129	480
130	486	142	1815
131	492
132	493
133	497
134	501
135	504
136	507
137	511
138	514
139	517	2124	138	752
140	522
141	528
142	533
143	535
144	545
145	548	637
146	549
147	552
148	556
149	560
150	564
151	569
152	572
153	573
154	576
155	577
156	580
157	585
158	586
159	587
160	588
161	590
162	594
163	596
164	598	4701	3287	1869	2686	3255	3252	455	2899	1406	4386	442	832	671	355	724	387	1298	1310	966	2695	282	119
165	603
166	604
167	607
168	609
169	614
170	616
171	620	2232	351
172	623
173	632	2847	4861
174	634	5107	4337
175	640
176	642
177	644	3684	3898
178	646
179	648
180	653
181	654
182	655
183	656	2277	4475
184	657
185	658
186	663
187	667
188	676
189	677	696	3465
190	678	3367
191	681
192	691
193	693	6312	6062	2247	5199	1507	1271	666
194	694	5022	4379	2493	998
195	698
196	702
197	705
198	711
199	716	3603	2389	3288	1357
200	717
201	718
202	730
203	735
204	736
205	740
206	749
207	755
208	757
209	758
210	762
211	765
212	768
213	771
214	774
215	775
216	781
217	782
218	783	4341	5673	907	3699
219	785	2023	2634	2289
220	787
221	788
222	789	1039
223	790
224	793
225	795
226	798
227	799
228	801
229	804
230	811
231	815
232	816
233	817
234	822
235	823
236	827
237	830	6340	5859	910	5771
238	831
239	834
240	835	4420	4714	2595	3641
241	839	3238	2360	1522	236
242	841
243	842	2502	1818
244	847
245	855
246	856	3892
247	857	2016	3516
248	858
249	859	7114	6781	2983	3870	5827
250	860
251	861
252	862	3657	3934	2313	6291	1198
253	865
254	868
255	872
256	875
257	880
258	885
259	890
260	894	1922	6851	4773	1779
261	897	5364	1880
262	899
263	902
264	909
265	912
266	913	919	1828
267	918
268	920
269	923	3583	1981	2004	1622	704	456
270	924
271	929	5893	4613
272	935
273	937
274	938
275	940
276	944
277	949
278	951
279	953
280	954
281	956
282	960
283	962
284	963
285	965
286	970
287	971
288	972
289	975
290	978
291	983
292	984
293	985	3534	7060	5103	4527	4581	175
294	988
295	989
296	990	2055	3572	1549
297	994	1639	2667	6015	5709	4905	4745	1309
298	997
299	1016
300	1018
301	1019
302	1021
303	1024	2499
304	1027
305	1028
306	1031
307	1033	4746
308	1034	3968	357
309	1035
310	1042
311	1046	943
312	1049
313	1055
314	1056
315	1057
316	1060
317	1064
318	1066
319	1068
320	1070
321	1072
322	1076
323	1077	3857	6019
324	1079
325	1082
326	1085
327	1089
328	1091
329	1094
330	1095
331	1097
332	1098
333	1108
334	1111
335	1118
336	1119
337	1131
338	1133
339	1136
340	1140
341	1141
342	1142
343	1153
344	1156
345	1159
346	1162
347	1168
348	1169
349	1170
350	1173
351	1174
352	1178
353	1179
354	1180
355	1181
356	1185	20	5970	3380	5655
357	1189
358	1190	5439	4450	4824
359	1192
360	1193
361	1194
362	1201
363	1202
364	1205
365	1208
366	1209
367	1211
368	1214
369	1215
370	1219	1424	90	111
371	1226
372	1232
373	1234
374	1238	1616	5628	1248
375	1240	1074	1210
376	1241
377	1242
378	1244
379	1247	6543	6723	2970	708	4318
380	1252
381	1253
382	1256
383	1260
384	1265
385	1267
386	1273
387	1274
388	1275
389	1276
390	1279
391	1280
392	1287
393	1292
394	1293
395	1299
396	1303
397	1305
398	1306
399	1308
400	1311
401	1312
402	1315
403	1319	2054	892
404	1320
405	1321
406	1327
407	1328
408	1338	809	821	6647	4800	4962	4025
409	1339
410	1340
411	1341
412	1347	1618	3775	277	2134	1150
413	1352
414	1353
415	1354
416	1355
417	1362
418	1364
419	1367
420	1373
421	1374
422	1378
423	1383
424	1384
425	1386
426	1388
427	1389
428	1391
429	1396
430	1408
431	1409
432	1412
433	1414
434	1415
435	1417
436	1425
437	1428
438	1431
439	1436
440	1437
441	1439
442	1445
443	1447
444	1448
445	1449
446	1452
447	1454
448	1455
449	1456
450	1458
451	1462	6705	4560	3700	530
452	1471
453	1473
454	1474
455	1475
456	1477
457	1480
458	1482
459	1484
460	1488
461	1490	838	4642	2728
462	1494
463	1496	6586	1736	3773	2725	19
464	1500
465	1502
466	1505
467	1509
468	1510
469	1511
470	1518
471	1520
472	1521
473	1523
474	1524
475	1527
476	1529
477	1532
478	1535
479	1538
480	1540
481	1543
482	1544
483	1545
484	1547
485	1551
486	1558
487	1561
488	1563
489	1568
490	1571
491	1572
492	1573
493	1576
494	1584
495	1588
496	1589	5264	3873	4628	3307	5923	6255	5066	3581	7295	5961	7322	3963	7289	6612	6539	4844	3181	6527	6487	4136	2824	2697	1628	904	543	343	843	2423	438	662	807	4589	6998	3491	4077	29	273	2726	325	5583
497	1590
498	1591
499	1592
500	1602
501	1604
502	1611
503	1612
504	1614
505	1615
506	1620
507	1623
508	1625
509	1626
510	1627
511	1635
512	1636
513	1641
514	1654
515	1655
516	1657
517	1659
518	1661
519	1662
520	1664
521	1668
522	1670
523	1674
524	1678
525	1681
526	1682
527	1683
528	1686
529	1691
530	1692	214	5718	450	5601	1218
531	1694
532	1696
533	1698
534	1701	5067
535	1702
536	1705	2204	6080	5307	1838	4874	1700	3917	512	2052	2572	3170	1123	2709	129	2802	3445	1001	1171	672	1318	707	5837	589	1773	4740	2880	2806	714	239
537	1706
538	1708
539	1711	3770
540	1713	2979
541	1714
542	1716
543	1717
544	1726
545	1730
546	1731
547	1734
548	1740	1450
549	1741
550	1746
551	1750
552	1751
553	1756
554	1758
555	1759
556	1760
557	1765
558	1766
559	1767
560	1774
561	1782
562	1787	4768	3681
563	1788
564	1792	479	874
565	1793
566	1804
567	1805
568	1806
569	1811
570	1812
571	1823
572	1827
573	1832
574	1833
575	1834
576	1845
577	1850
578	1857
579	1858	2527
580	1860
581	1864
582	1865
583	1868	3227	5596	525	4027	5362
584	1872
585	1876
586	1877
587	1885
588	1886
589	1894
590	1898
591	1901
592	1902
593	1904
594	1908
595	1909	750	592	419	2141	1361	3130	1067	968	1679
596	1911	1497
597	1919
598	1921
599	1926
600	1935
601	1952
602	1953
603	1957
604	1959
605	1960
606	1962	853	4029
607	1963
608	1968
609	1972
610	1975
611	1977	6523	369	6519	1930
612	1979
613	1983
614	1987
615	1988	2167
616	1990
617	1992	1255	2329	5004
618	1993
619	1994
620	1995
621	1997
622	1998
623	2000
624	2001
625	2021
626	2024
627	2025
628	2032
629	2034
630	2037
631	2039
632	2043
633	2046
634	2048
635	2053
636	2056	5982
637	2058
638	2059	5380
639	2060
640	2063
641	2065
642	2066
643	2068	1603	2568	4021	3715	3402
644	2069
645	2070
646	2073
647	2075
648	2080
649	2086	829	2964	1143	4996	1892	2261	240	1092	1365	265	812	1438	840	2522	197	3535	2218
650	2088
651	2089
652	2091
653	2094
654	2103
655	2104
656	2107	3054
657	2112
658	2115
659	2117
660	2122
661	2126
662	2127
663	2129
664	2139
665	2140
666	2143
667	2144	2321	1212	495
668	2148
669	2150	1469	911	1776	5154	382
670	2152
671	2154
672	2157
673	2159
674	2160
675	2166
676	2169	3090	3971
677	2172
678	2173
679	2179
680	2181	245	2842	4234	5070	1217	51
681	2183
682	2189
683	2191
684	2194
685	2196
686	2199
687	2200
688	2205	6108
689	2206
690	2214
691	2215
692	2217
693	2221
694	2222
695	2231
696	2233
697	2234
698	2236
699	2237
700	2239	3443
701	2243
702	2244
703	2252
704	2259
705	2260
706	2263
707	2268
708	2271
709	2273
710	2274
711	2276
712	2278
713	2281
714	2283
715	2284
716	2285
717	2292
718	2303
719	2304
720	2309
721	2310
722	2312
723	2316	4549	3376	1854	713
724	2319
725	2322
726	2325	3105	1943	2547	1665
727	2326
728	2328
729	2331
730	2333
731	2335
732	2336
733	2338
734	2342
735	2343
736	2345	2286
737	2348
738	2350
739	2352
740	2353
741	2363	1585
742	2364
743	2369
744	2373
745	2374	2193	4876	1587
746	2379
747	2384
748	2387
749	2390
750	2392
751	2395
752	2397	3712	2491
753	2400
754	2401
755	2402
756	2409
757	2412	5540	4580
758	2416
759	2421
760	2422
761	2426
762	2427
763	2428
764	2429
765	2433
766	2435
767	2437
768	2439	3040
769	2444
770	2447
771	2450	3363
772	2451
773	2456
774	2457
775	2459
776	2461
777	2467
778	2468
779	2469
780	2470
781	2472
782	2475
783	2480
784	2481	2998	1235
785	2483
786	2486
787	2488	5561	6909	1575
788	2496
789	2498
790	2507
791	2508
792	2509
793	2510	1816	1015	457	613
794	2511
795	2513	518	1050	2558	534
796	2515
797	2516
798	2517
799	2518
800	2519	5255	4794	738
801	2523
802	2524
803	2526
804	2530
805	2533
806	2535
807	2540
808	2543	959
809	2544
810	2545
811	2550
812	2551
813	2552
814	2555
815	2557
816	2562
817	2563
818	2567
819	2581
820	2583
821	2588	5207	3636	1704	779
822	2589	6059	5692	4433	2898	1932
823	2590
824	2591
825	2594
826	2596
827	2599
828	2600
829	2606
830	2607	5696
831	2608
832	2609
833	2613
834	2615
835	2618
836	2620
837	2621
838	2623
839	2628
840	2630
841	2631
842	2636
843	2638
844	2644
845	2647
846	2648
847	2650
848	2653
849	2654
850	2657
851	2660
852	2663
853	2664	2383	5379	1688	2119
854	2665
855	2668
856	2671
857	2673
858	2675
859	2678	1671
860	2681	4595	1946	3233
861	2682
862	2683	2332	6235	6224	4744	3093
863	2684
864	2687
865	2688
866	2690
867	2696	6638	1418	4416	6128	6893	4972	4288
868	2700
869	2701	499	435
870	2702
871	2704
872	2706
873	2712	3442
874	2715	4870	4832	969	898
875	2717
876	2719
877	2722
878	2723
879	2734
880	2736
881	2742
882	2745
883	2746
884	2748
885	2749	482	4776	5110	728	2085	4538
886	2750
887	2753
888	2754
889	2756
890	2760
891	2762
892	2764
893	2765
894	2766
895	2767	5139	1195	1020
896	2769
897	2772
898	2775
899	2779
900	2781
901	2782
902	2785
903	2792
904	2793
905	2796
906	2797
907	2799	5175
908	2801
909	2807	5716	1985	712
910	2811
911	2813
912	2814
913	2815
914	2825
915	2827	1491	624	4544	4431	3323	3881	5060	5603	6952	3334	1873	684	4623	6763	3697	3883	2854	4380	4261	6120	3998	2959	2755	2445	2434	1459	1047	887	475	314	605	2531	734	1295	1493	1435	496	7193	1051	165	794	746	1819	6032	4513	4940	1897	3652
916	2828
917	2829
918	2831
919	2835
920	2836
921	2839
922	2841
923	2843
924	2848
925	2852
926	2853
927	2858
928	2859
929	2861
930	2862
931	2863
932	2865	2010	1610
933	2866
934	2868
935	2869
936	2870
937	2871
938	2874
939	2879
940	2881
941	2884
942	2886	2453
943	2887
944	2888
945	2890
946	2893
947	2901	4211	5094	2986
948	2902
949	2903
950	2904
951	2908
952	2910
953	2913
954	2915
955	2917
956	2920
957	2921
958	2922
959	2923
960	2926
961	2928
962	2934
963	2935
964	2936
965	2943
966	2948
967	2949
968	2951
969	2953	2487	3643
970	2955
971	2961
972	2967
973	2976
974	2987	1817	4654	4755	4512	2495	1304
975	2988
976	2990
977	2993
978	2997
979	2999
980	3001
981	3002
982	3004	2370	3086
983	3005
984	3012
985	3013
986	3014
987	3015
988	3017
989	3018
990	3020
991	3021
992	3022
993	3027
994	3029
995	3030	5440	5242	6415	1752	2770	5280	3984	2446	6383	1966	5055	1971	4941	26	3730	2051	3197	3091	1164	633	1184	3751	2297	2341	6924	6288	4907	1732	1013	982	4924	1366	2506	3278	1297	103	2242	836	4849	1183	4809	432	1785	3374	2602	3541	5666	6341	2962	6279	6076	252	3104	3047	13	156	132	11	5619	2482	627	679	1413	772	882	1078	1191	339
996	3032
997	3035	4055	3468	2238	2248	1300	2627
998	3039
999	3043
1000	3046
1001	3051
1002	3053
1003	3055
1004	3056
1005	3058
1006	3060
1007	3068
1008	3071
1009	3074
1010	3075
1011	3077
1012	3080
1013	3084
1014	3085
1015	3087
1016	3095
1017	3096
1018	3097
1019	3099
1020	3100
1021	3102
1022	3108
1023	3110
1024	3112
1025	3114	4964	3026	1206
1026	3118
1027	3120
1028	3121	5482	566
1029	3123
1030	3126
1031	3128
1032	3134
1033	3135
1034	3138
1035	3143
1036	3150
1037	3153
1038	3154
1039	3159
1040	3160
1041	3161
1042	3162
1043	3164
1044	3165
1045	3166	6888	1196	4197	4872	2084
1046	3168
1047	3171
1048	3173
1049	3180	3139
1050	3185
1051	3186
1052	3188
1053	3189
1054	3190
1055	3191
1056	3192
1057	3194
1058	3198
1059	3200
1060	3202	3627	1526	1137	542
1061	3204
1062	3205
1063	3207
1064	3209
1065	3211
1066	3214
1067	3215
1068	3217
1069	3218
1070	3222
1071	3223
1072	3224
1073	3228
1074	3231
1075	3234
1076	3237
1077	3239
1078	3240
1079	3241
1080	3242	270
1081	3244
1082	3245
1083	3246
1084	3250
1085	3251
1086	3256
1087	3259
1088	3260
1089	3261
1090	3262
1091	3263
1092	3273	3045
1093	3275
1094	3277
1095	3280
1096	3282
1097	3283
1098	3284
1099	3285
1100	3291
1101	3292
1102	3296
1103	3297	4054	870
1104	3299	1846
1105	3303
1106	3304	1770	1703	207	1513
1107	3310
1108	3311
1109	3313
1110	3327
1111	3330	3348	3500	6880	3518	2789	6031	4914	4442	1084	4139	3276	2180	2460	1803
1112	3335
1113	3336	6215	2398
1114	3337
1115	3338
1116	3340	439	1251	1814
1117	3346
1118	3347
1119	3350
1120	3354
1121	3356
1122	3357	2
1123	3360
1124	3362
1125	3368
1126	3370
1127	3377
1128	3379
1129	3382
1130	3390
1131	3391
1132	3394	147	6633	3529	1489
1133	3395
1134	3396
1135	3399
1136	3403
1137	3404	4882	3133
1138	3405
1139	3406
1140	3413
1141	3415
1142	3417
1143	3418
1144	3420
1145	3422
1146	3427
1147	3431	4439	513
1148	3432
1149	3435
1150	3436
1151	3438
1152	3439
1153	3440
1154	3441
1155	3448
1156	3449
1157	3451
1158	3452	3447	3117	402	3298	4009	5087	4334	5329	358
1159	3454
1160	3455
1161	3457
1162	3459
1163	3460
1164	3461
1165	3462
1166	3469
1167	3470
1168	3472
1169	3473
1170	3474
1171	3475
1172	3478
1173	3482
1174	3489
1175	3493	3272	3000
1176	3495
1177	3497
1178	3499
1179	3501
1180	3502	4528	2479	1519	1237	4410	805	1517	1004
1181	3503
1182	3509	3710	4278
1183	3513
1184	3515
1185	3521
1186	3522	4822
1187	3523
1188	3524
1189	3525
1190	3530
1191	3531
1192	3533
1193	3540	3630
1194	3544	3992
1195	3545	6688	6517	6662	4323	5539	4119	1116	6026
1196	3551	3765	5934	6379	6954
1197	3554
1198	3556
1199	3557
1200	3560
1201	3561
1202	3563
1203	3567
1204	3570
1205	3571
1206	3574
1207	3577	3131	2296	2216	498	1127	1105	848
1208	3582	6873	5292	3505	5611	991	4397	6406	6179	1739	1595	5431	5083	4146	6070	4509	3331	2846	5590	4039	4608	3496	2092	3716	3037	3756	89	1729	4880	3484	6396	4248	6807	6373	3896	2930	6180	2639	5886	6115	6284	6145	4576	2984	3903	3267	3031	3453	2057	2744	6309	1114	7166	5800	599	6636	7069	3842	6510	5135	6082	7058	3902	3548	2991	381	2576	2151	474	2649	1053	995	5126	1225	2203	888	649	389	430	3176	5803	4348	915	5780	3994	4287	3788	6318	5057	4413	2042	5697	5447	1597	837	3113	1652	2975	4179	2202	2318	2030	216	6687	3342	808	3329	1423	5688	3938	422	639	1954	392	1978	625	3106	3655	5038	3869
1209	3587
1210	3588
1211	3591
1212	3594
1213	3596
1214	3602
1215	3605	4355	4266	2497
1216	3606
1217	3608
1218	3609
1219	3610
1220	3611
1221	3612
1222	3613
1223	3614
1224	3619
1225	3626
1226	3628
1227	3633	3471	3958
1228	3637
1229	3638
1230	3640
1231	3644	3840	1906
1232	3645
1233	3646
1234	3649
1235	3654
1236	3656
1237	3660
1238	3661	4953	2768
1239	3662
1240	3665
1241	3666
1242	3667
1243	3669
1244	3671
1245	3672
1246	3673
1247	3675
1248	3679
1249	3683
1250	3685
1251	3686
1252	3688
1253	3689
1254	3691
1255	3695
1256	3696
1257	3701
1258	3706
1259	3707
1260	3709
1261	3711
1262	3714
1263	3717
1264	3718
1265	3719
1266	3723
1267	3724
1268	3727
1269	3728
1270	3731
1271	3738
1272	3741
1273	3743
1274	3745
1275	3746
1276	3747
1277	3750
1278	3753
1279	3755
1280	3760
1281	3761
1282	3762
1283	3763
1284	3766
1285	3768
1286	3769
1287	3772
1288	3779
1289	3782	1216	38
1290	3783	4766	1913	4663
1291	3786
1292	3789	6049	6978	6949	2947
1293	3792
1294	3793
1295	3794
1296	3797
1297	3798
1298	3799
1299	3803
1300	3805
1301	3807
1302	3809	6703	1890	3526
1303	3813
1304	3815
1305	3816
1306	3817
1307	3818	2577
1308	3820
1309	3823
1310	3825
1311	3826
1312	3828
1313	3833
1314	3834	2125	1948	2473
1315	3843
1316	3844
1317	3845
1318	3847
1319	3848
1320	3851
1321	3854
1322	3855	4109	2575	5495	140
1323	3858
1324	3859
1325	3860
1326	3861
1327	3862
1328	3863
1329	3865
1330	3866
1331	3867
1332	3875
1333	3882
1334	3884
1335	3885	1221
1336	3888	2431	6221	5006	3511	45	218
1337	3889
1338	3890
1339	3891
1340	3893
1341	3895
1342	3897	4736	6583	7245	4147	650	2420	6366	4577
1343	3899
1344	3900
1345	3901
1346	3905
1347	3907
1348	3909
1349	3910
1350	3911
1351	3915
1352	3922
1353	3933
1354	3940
1355	3946	4347	1283
1356	3950
1357	3951
1358	3955
1359	3956	2211	1580
1360	3957	877
1361	3959
1362	3960
1363	3964
1364	3967
1365	3969
1366	3972
1367	3979
1368	3980
1369	3987	5291	1245	3748	2156	4014	3752	3125	2153	743	1743	763	407	404	377	1710	4438	820
1370	3989	1537	3713
1371	3991
1372	3993
1373	3997
1374	4000
1375	4001
1376	4002
1377	4003
1378	4011
1379	4012
1380	4015
1381	4019
1382	4022
1383	4023
1384	4024
1385	4026
1386	4028
1387	4033
1388	4035
1389	4036
1390	4037
1391	4038
1392	4040
1393	4041
1394	4042
1395	4045
1396	4046
1397	4049
1398	4050
1399	4051
1400	4061
1401	4062
1402	4063
1403	4064
1404	4066	2944	4370
1405	4067
1406	4068
1407	4070
1408	4071
1409	4075	516	4089	1923	715
1410	4076	4866	673
1411	4080
1412	4081	1404	3140	3721	5405	4716	2833	2626	1989	2128	2659	3111	1036	1822
1413	4083
1414	4085
1415	4087
1416	4088
1417	4090
1418	4104
1419	4105
1420	4106
1421	4107
1422	4111
1423	4116
1424	4120
1425	4125
1426	4128
1427	4131
1428	4132
1429	4133
1430	4137
1431	4138	4069	723	591	332	63	568	2265	1974	260	2735
1432	4140
1433	4141
1434	4143
1435	4144
1436	4148
1437	4149
1438	4154	1796	1010	449	1284	2791	374
1439	4156
1440	4157
1441	4158	4176	2798	6907
1442	4160
1443	4161
1444	4162
1445	4163
1446	4164
1447	4165
1448	4166
1449	4168
1450	4171
1451	4173
1452	4175
1453	4183
1454	4184	6481	6319
1455	4186
1456	4188
1457	4194
1458	4195
1459	4201
1460	4202
1461	4203
1462	4208
1463	4214
1464	4217
1465	4219
1466	4223	1069	4282	3136
1467	4225
1468	4228
1469	4229
1470	4232
1471	4233
1472	4235
1473	4236	5784	2666	4912	6505
1474	4238	1479
1475	4240
1476	4242	1556
1477	4243
1478	4246
1479	4247	2823	2411
1480	4250	7084	5553
1481	4251
1482	4252
1483	4254
1484	4256
1485	4259
1486	4262
1487	4263
1488	4271
1489	4275
1490	4277
1491	4279
1492	4283
1493	4286
1494	4290
1495	4293
1496	4294
1497	4296	2946	1887
1498	4298	6161
1499	4299
1500	4300
1501	4301	1088	3235
1502	4302
1503	4307
1504	4310
1505	4311
1506	4313	5674	2385
1507	4314
1508	4315
1509	4320
1510	4322
1511	4326
1512	4328
1513	4329
1514	4330
1515	4335
1516	4338
1517	4339
1518	4346
1519	4349
1520	4350
1521	4353
1522	4356
1523	4357
1524	4361
1525	4367
1526	4369
1527	4371
1528	4372
1529	4373
1530	4375
1531	4377
1532	4378
1533	4383
1534	4387
1535	4389
1536	4390
1537	4391
1538	4398
1539	4403	6464
1540	4407
1541	4408
1542	4411
1543	4412
1544	4415
1545	4424
1546	4425
1547	4429
1548	4437
1549	4440
1550	4445
1551	4447
1552	4448
1553	4451
1554	4452
1555	4453	1552	181	3386	2995
1556	4455
1557	4459
1558	4461
1559	4462
1560	4463
1561	4464
1562	4465
1563	4466
1564	4469
1565	4472
1566	4473
1567	4474
1568	4478
1569	4479
1570	4481
1571	4486
1572	4487
1573	4489
1574	4491
1575	4493
1576	4498
1577	4502
1578	4503
1579	4506
1580	4507
1581	4510
1582	4517
1583	4525
1584	4529
1585	4530
1586	4531
1587	4532
1588	4533
1589	4534
1590	4535
1591	4536
1592	4537	2007	3569	2875
1593	4541
1594	4542
1595	4546
1596	4547
1597	4551
1598	4552
1599	4553
1600	4555
1601	4556
1602	4557
1603	4558
1604	4563
1605	4566
1606	4570
1607	4573
1608	4575
1609	4579
1610	4582
1611	4583
1612	4585
1613	4587	3411	401
1614	4591
1615	4592
1616	4596
1617	4601
1618	4604
1619	4606
1620	4607
1621	4609
1622	4614
1623	4615
1624	4616
1625	4617
1626	4619
1627	4624
1628	4625
1629	4626
1630	4629
1631	4630
1632	4636
1633	4638
1634	4640
1635	4641
1636	4643
1637	4645
1638	4647
1639	4649
1640	4653
1641	4655
1642	4656
1643	4657
1644	4661
1645	4662
1646	4665
1647	4666	53	4820
1648	4667
1649	4669
1650	4671
1651	4672
1652	4673
1653	4674
1654	4676
1655	4683
1656	4684	7013	6190	4700	4073
1657	4686
1658	4688	4689	3221	1498
1659	4690
1660	4691
1661	4692
1662	4693
1663	4702
1664	4703
1665	4704
1666	4706	7108	1733	1322	725
1667	4708
1668	4709
1669	4710	6239
1670	4712
1671	4718
1672	4721
1673	4723
1674	4725
1675	4729
1676	4730
1677	4733	1160
1678	4737
1679	4738
1680	4741
1681	4748	3739
1682	4749
1683	4751
1684	4752	3019	4896	3600	1199	5064	5265
1685	4759
1686	4761
1687	4762
1688	4764
1689	4769
1690	4771
1691	4772
1692	4774	1565	4792	5636	2413	7389	6402	6769	5348	3837	1738	2699	5268	2131
1693	4777
1694	4778	6265
1695	4779
1696	4780
1697	4782
1698	4784
1699	4785
1700	4787
1701	4788
1702	4789
1703	4790
1704	4791
1705	4793
1706	4795	2774
1707	4796
1708	4797
1709	4802
1710	4803
1711	4804
1712	4805
1713	4806
1714	4808
1715	4812
1716	4813
1717	4814
1718	4817
1719	4818
1720	4819
1721	4823
1722	4825
1723	4826
1724	4827
1725	4828
1726	4829
1727	4830
1728	4834
1729	4841
1730	4843
1731	4846	2757	489	2929
1732	4847
1733	4848
1734	4850
1735	4852
1736	4853	1130	1883	942
1737	4854
1738	4858
1739	4862
1740	4867
1741	4869
1742	4871
1743	4873
1744	4877
1745	4878	6443	5699	3941
1746	4879
1747	4883
1748	4886
1749	4888
1750	4891	4991	3639	3687	1560	1124	490	2197	683	747
1751	4893
1752	4894
1753	4895
1754	4900	3850	6693	4588	3702	2950	2449	2808	3879	1120	2538	4269	293	7034	2072	6960	4631	5849	5353	2026	2494	4747	2282	1285	248
1755	4901
1756	4904
1757	4908
1758	4909
1759	4919
1760	4920
1761	4926
1762	4927
1763	4928
1764	4930
1765	4931
1766	4937
1767	4939
1768	4943
1769	4945
1770	4946
1771	4947
1772	4948
1773	4950
1774	4952	852
1775	4955
1776	4957
1777	4958
1778	4959
1779	4961
1780	4966
1781	4967	3213	4760
1782	4969
1783	4970
1784	4971
1785	4973
1786	4974	2973	2945
1787	4975
1788	4977
1789	4979
1790	4980
1791	4982
1792	4986
1793	4989
1794	4990
1795	4992
1796	4993
1797	4994
1798	4995
1799	4997
1800	4998
1801	4999
1802	5001
1803	5002
1804	5003
1805	5007
1806	5008
1807	5009
1808	5010
1809	5011
1810	5012	4142	5376	4922
1811	5013
1812	5016
1813	5018
1814	5019
1815	5021
1816	5025
1817	5027
1818	5028
1819	5029
1820	5030
1821	5033
1822	5035
1823	5036
1824	5037
1825	5040
1826	5041
1827	5043
1828	5044
1829	5045
1830	5048
1831	5051	1446	5609	7017	5288	2311	2356
1832	5052
1833	5054
1834	5056
1835	5058
1836	5059
1837	5068	5541
1838	5069
1839	5071
1840	5073
1841	5074
1842	5076
1843	5081
1844	5082
1845	5084
1846	5086
1847	5089
1848	5091
1849	5092
1850	5093
1851	5095
1852	5097
1853	5099
1854	5100
1855	5101
1856	5102
1857	5104
1858	5111
1859	5112
1860	5113
1861	5114
1862	5115
1863	5118	4837	3265	4724	4925
1864	5119
1865	5120
1866	5123
1867	5125
1868	5127
1869	5128
1870	5130
1871	5131	1761	2763
1872	5132
1873	5133
1874	5136
1875	5137
1876	5138
1877	5140	562	4951	800
1878	5142
1879	5143
1880	5146
1881	5147
1882	5149
1883	5151
1884	5153
1885	5156
1886	5157
1887	5158
1888	5160
1889	5161
1890	5162
1891	5164
1892	5166
1893	5168
1894	5170
1895	5172
1896	5176
1897	5177
1898	5181
1899	5182
1900	5185
1901	5186
1902	5188
1903	5190
1904	5191
1905	5194
1906	5195
1907	5196
1908	5201
1909	5202	1145
1910	5205
1911	5206
1912	5209
1913	5210
1914	5211
1915	5212
1916	5213
1917	5214
1918	5217
1919	5219
1920	5220	6139	2559
1921	5222
1922	5223
1923	5227
1924	5230
1925	5232
1926	5233
1927	5234
1928	5235
1929	5236
1930	5237	5256
1931	5240
1932	5241
1933	5243
1934	5245
1935	5248
1936	5253
1937	5257
1938	5258
1939	5259
1940	5262
1941	5263
1942	5266
1943	5267
1944	5270
1945	5272	4635
1946	5273	3446
1947	5274
1948	5275
1949	5276
1950	5278
1951	5281
1952	5282
1953	5283
1954	5286
1955	5289
1956	5290
1957	5293
1958	5296
1959	5297
1960	5299
1961	5302
1962	5303
1963	5305	4443	4750
1964	5306
1965	5310
1966	5311
1967	5312
1968	5318
1969	5319
1970	5320
1971	5324
1972	5325
1973	5327
1974	5328
1975	5330
1976	5334
1977	5335
1978	5336
1979	5337
1980	5338
1981	5340
1982	5341
1983	5342
1984	5343
1985	5347
1986	5350
1987	5351
1988	5352
1989	5356
1990	5360
1991	5361
1992	5363
1993	5367
1994	5368
1995	5371
1996	5372
1997	5374
1998	5375
1999	5377
2000	5381
2001	5384
2002	5385
2003	5387
2004	5390
2005	5391
2006	5394
2007	5399
2008	5407
2009	5408
2010	5409
2011	5410
2012	5412
2013	5414
2014	5415
2015	5416
2016	5417
2017	5422
2018	5424	3063	3450	773	6125	2669
2019	5425
2020	5427
2021	5428
2022	5430
2023	5432
2024	5433
2025	5434
2026	5435
2027	5436
2028	5441
2029	5442
2030	5443
2031	5445
2032	5446
2033	5448
2034	5450	5197	6860	5790	4915	2761
2035	5451
2036	5452
2037	5453	2624	262	2170
2038	5455	4309	3722	2978	3157	3305	201	2388	4414	2301	5251	1460	1007	784	5748	1917	2102	3536	2641	2362	2207	1161	1516	1335	452	333
2039	5457
2040	5460
2041	5461
2042	5462
2043	5463
2044	5466
2045	5469
2046	5477
2047	5479
2048	5483
2049	5484	1093
2050	5485
2051	5487
2052	5489
2053	5490
2054	5492
2055	5496
2056	5498
2057	5500
2058	5501
2059	5505
2060	5508
2061	5509
2062	5510
2063	5511
2064	5514
2065	5516
2066	5518	6699	4757	5868	5529	1030	986	3508	582	2320	1152	932	792
2067	5520
2068	5522
2069	5524
2070	5526
2071	5527
2072	5528
2073	5531
2074	5533
2075	5535	886	6663	6468	6800	628	2573	6218
2076	5536
2077	5538
2078	5542
2079	5544	4783
2080	5546
2081	5547
2082	5548
2083	5550
2084	5551
2085	5552
2086	5554
2087	5555
2088	5556
2089	5558
2090	5559	3985	190	1718	385	433
2091	5562
2092	5563	5975	182	2071	4324	4342	5208	105	4122	4456	4651	5459	3568	3785	934	4204	12	635	1927	220	973	1263	2045	1583	3101	2536	2209	2727	2716	4221	3976	1754	361	3954	4423	2492	3358	6776	5438	6248	2739	4835	1888	4523	583	5545	945	2637	5294	981	425	1330	1807	4220	2264	4095	6456	5904	3527	5806	4034	668	4363	4336	2223	1929	2771	346	5654	158	426	4230	94	5467	4483	288	1107	300	99	1358	6955	4190	5604	3328	2377	4664	1903	2405	1747	3078	133	5693	1254	6192	866	5249	2269	7001	4126	3532	3990	2969	2733	1976	976	1586	6166	6806	6094	4477	3737	3566	2235	1534	2677	665	6980	1487	1281	342	4889	1291	5892	6	5250	4590	5313	6157	5331	5322	167	2050	1468	3944	1755	695	285	1786	2571	4394	183	1177	1825	575	4763	3559	600	393	1246	1457	6802	5746	179	732	3912	5198	2601	4976	4524	2925	4842	4511	914	4696	4044	778	4351	4121	2689	1387	2837	4470	2040	895	5215	66	584	3771	1721	3553	3309	3167	2241	4078	2957	1530	1728	753	4658	3598	2044	4833	1748	4811	1546	2163	1933	3821	5420	5080	4267	2867	1794	6068	601	315	5061	2365	1465	2751	630	2430	4304	2916	2082	597	5848	28	5187	3196	595	617	2786	3254	6831	6886	2732	6264	1996	5641	3301	3248	6171	5705	925	2314	2816	5684	4612	1029	5804	2617	1063	2436	2323	2579	2465	1677	947	1343	309	1113	4091	1797	92	193	5952	4053	2334	5218	271	1707	1270	2476	1607	462	551	3562	1399	367	3575	2635	1023	2419	42	49	234	1117	4539	7078	6589	4963	4767	3059	4276	5473	3109	4100	6361	3025	4921	5252	222	2994	4480	2569	2912	292	31	4699	1453	2120	2553	540	2850	56	1344	3398	2554	2118	3226	4191	3740	3353	4331	2083	3547	2029	4112	4603	1798	1809	1499	3736	1326	4681	2529	1121	1697	3409	3490	2454	869	4185	2855	3341	189	2095	2287	1165	1970	574	1059	4494	3778	1643	1777	2730	6176	6848	2810	6156	4944	777	2980	1965	2622	161	3849	223	1350	4093	5108	6078	3624	4652	4644	908	3651	3932	1188	690	1154	2691	3864	3429	2911	2525	879	4569	2612	4079	164	1690	2294	896	488	4836	5568	5298	6559	5834	5079	2251	2300	4152	7147	1891	3006	5225	6441	2845	5767	6364	2537	5523	5247	2013	5821	5574	5454	4392	4732	3437	5669	3676	5488	5875	993	3962	3607	1429	900	3466	2788	955	2372	5378	5465	824	3831	1533	4432	2564	2778	3332	4719	4016	1380	930	520	4845	4187	2463	1441	2418	4231	2937	5456	3935	1061	2415	3579	1062	76	5470	5966	4285	3573	3127	6085	2805	1227	889	3048	1503	1286	6331	610	4325	1775	3011	3668	4059	510	3485	409	4227	3601	5116	5046	6159	4500	3041	5765	2187	5148	5532	2896	3230	3647	388	3622	323	1881	445	1780	180	3052	295	4124	1847	2974	4694	4620	3593	2894	845	2900	4402	3986	1400	483	7279	5507	6947	1045	5792	992	5668	6819	6535	5221	3729	2685	4668	2009	5365	5481	3149	2860	2123	1598	3886	1548	6399	4868	5284	2275	5967	4399	1722	3	5078	2098	4929	1969	6401	6805	7379	6568	6558	5599	1541	2505	4418	1398	3315	2099	3365	4685	660	6804	5174	3174	4268	7226	5997	6033	958	1840	664	74	363	359	893	1663	465	365	5192	4245	4388	4097	1307	3871	3648	3201	1125	1492	5974	4739	3517	4135	3876	6011	6758	2972	916	3434	3796	2227	5623	1621	2883	4108	2452	1434	508	221	4501	5513	5163	3632	1416	4074	6522	5402	1087	5261	803	1282	5788	4622	5572	726	4181	3270	2458	2741	329	160	2981	3072	2266	2135	1233	557	120	5861	6040	5472	4728	5354	4291	2381	1645	3514	4264	96	1651	1574	2272	1742	2906	2018	3618	2097	3749	276	2258	4192	3364	2366	3044	2146	14	4467	4985	1166	2674	3631	4129	4048	22	1656	3852	3081	4182	3023	4352	3169	484	112	6027	5874	5717	5569	3894	5680	1566	974	2582	1461	979	1129	3565	5090	3512	3705	2809	2403	4851	5419	5152	2619	18	1379	1884	3810	5355	3733	3507	2079	1200	3349	1348	2354	946	881	1139	3426	1859	1485	2759	814	2826	353	2940	3982	1372	6317	3856	5397	5295	1470	3316	2597	701	1203	2315	2224	3319	626	3179	1944	464	395	64	83	485	541	4130	523	421	39	345	4010	546	1128	3678	1405	1172	699	2302	961	1243	101	2288	2137	3366	1914	3463	487	5244	247	3065	7181	192	2130	3506	3836	5687	3477	1613	109	6181	4381	5766	2872	5193	453	3726	6377	6152	1844	1394	5366	5662	4110	5145	5401	5706	1599	6042	4918	4567	4332	2376	3558	150	3294	669	1054	4117	5873	1861	5418	2109	2100	122	2175	3777	2504	4917	4436	444	3966	6530	5567	6725	3163	939	3410	3210	3057	37	558	5077	3576	3781	5517	4270	3158	5326	4482	3286	6100	2267	1918	2587	1239	443	4540	4333	2478	903	466	1685	2270	1799	5474	2834	2996	2484	136	5749	5995	6714	5629	4241	2586	2963	380	3249	3274	5519	4030	2407	1359	4260	1512	4435	4340	2546	4680	4047	4032	491	2022	209	1363	844	797	5506	5124	1829	2856	4543	2038	1650	1737	2061	6529	1874	1562	1837	417	3371	1277	744	6148	554	5183	2114	615	4316	5608	1709	1262	526	685	6674	6927	6498	6446	6257	6055	286	1673	420	1257	6365	2512	1791	1882	6451	2033	2142	6020	5468	4344	1006	1958	2424	6205	5165	1313	7155	3003	4717	3597	1369	1852	1102	1577	398	641	553	6840	6669	5783	6520	5638	5015	2932	4281	5062	5870	3488	2832	5277	6501	6302	6876	4521	1430	6295	6447	3049	2857	5494	2229	4711	3236	6979	6234	3943	2844	3306	3279	6797	6475	6930	6398	4935	4209	3203	6445	5308	3271	6719	4875	2777	737	1014	1377	6392	4092	1073	3268	4303	3142	4319	6266	1231	3528	3381	5497	5228	4786	4978	3812	3392	334	2521	25	424	3193	1727	1003	2408	1836	1606	999	7068	6871	5794	4043	1071	6274	6200	5486	5216	3151	6610	6899	6961	44	4857	4807	4321	3580	6578	5761	6370	5648	5652	6083	5031	2710	503	473	2074	5014	6262	5332	6133	6424	5315	3923	3351	5098	1961	3008	2192	5702	6210	5831	3680	3229	3147	4485	6536	6057	5314	3988	2784	1648	941	1223	2198	1009	500	537	5346	3650	5075	5042	4765	4060	2610	1101	4215	3936	2720	2442	5204	4212	980	3094	948	2466	741	244	3389	1771	5957	5624	2438	400	5502	5753	4799	3318	378	290	5913	6056	1536	1769	4427	3156	7033	3321	4810	4364	1290	2864	1331	4013	5734	578	5134	4237	6306	2561	1345	509	6119	1041	4172	4754	1375	3604	5034	5841	3400	4505	761	6146	1261	2015	3033	1915	1557	114	360	324	5344	4934	6470	3483	2005	1126	3225	7115	6666	3322	6761	4839	802	2711	5475	3393	1550	6023	185	5421	3872	3949	2966	2020	4610	7046	2914	739	2306	3317	1269	145	906	2425	410	406	427	1334	17	6526	5226	4434	931	6096	3564	4258	4210	5945	2851	1506	4856	113	6071	905	1853	849	2380	298	2632	1100	921	4150	3634	5023	1967	30	612	4864	3076	2035	3494	40	4646	4496	3177	2246	1608	3552	2393	1385	2210	6286	5065	6058	2081	5169	5458	5958	3183	4522	469	2177	5049	1167	1905	2351	1848	2280	2164	1937	1264	229	203	1407	5109	2176	6792	2693	1594	6030	4954	3467	4419	4594	4677	1083	331	1514	2585	1495	2308	1316	4881	3924	3456	1132	70	2417	1000	2565	1325	1213	78	5345	6278	5645	3172	5789	6122	3913	2905	2503	3339	689	1646	1912	2804	4965	4174	4253	957	4742	5530	4516	6189	4492	3016	2580	3257	5586	5935	5887	1601	1204	335	3372	1801	3754	2532	4698	2474	1802	3880	4017	3266	2941	4572	1637	2339	1934	4170	1371	2116	2909	1956	3868	170	2895	1784	4497	3918	850	3961	2213	1351	1666	1617	1065	3479	3947	3175	4526	2611	5571	4406	4422	4345	3635	4308	2604	5701	5279	3802	4515	2295	3921	1144	5072	1554	4705	3804	4305	2891	5449	5437	5606	6671	621	4697	3539	2680	2873	2729	3378	146	4	6664	1724	7171	2253	6712	3814	6010	1122	6386	1789	796	2500	3344	7126	4101	6744	7044	3806	3064	2101	3927	2989	3107	7066	6508	6410	4578	5926	5349	5534	4715	4916	3024	4008	6753	6344	4123	3325	1684	3028	5543	5396	5743	4884	4159	4720	6566	3148	1660	2878	1745	1138	3375	1647	833	2942	2019	1268	3384	4519	3965	4484	4942	3975	1653	891	1999	1337	883	3088	235	336	135	1440	2185	4428	3145	1356	3616	1719	1301	2195	2188	1695	791	5287	5117	5159	2747	6975	4731	4094	5464	3345	1916	4490	4910	950	1658	3487	2658	470	2676	647	2773	1986	851	269	3146	3401	3914	3694	884	399	819	2017	1278	532	34	2228	3324	1649	1800	1624	926	4086	2752	936	4366	1764	3187	3036	137	2078	2171	2787	674	1112	52	2262	1676	4726	5903	3693	3504	2249	645	786	2371	756	682	515	1096	3742	729	396	1451	251	3703	403	3642	2307	567	3725	6006	4514	4359	4084	2090	3830	3720	2340	1467	3083	5271	1973	2560	2464	3498	2927	1984	3137	3839	4488	1936	4471	502	631	565	408	4598	6458	4821	4798	5373	1619	606	4660	4404	2149	4476	116	5819	7095	6852	5916	5106	6116	4637	4679	6063	922	4618	570	5503	5504	5910	1109	2184	97	6311	6321	6328	1466	4118	3195	1531	4444	2992	1781	4417	3824	3615	3079	3787	2707	3617	2375	3124	3115	2642	4239	2977	2549	2822	2971	825	2337	6121	5260	5323	3811	3822	1783	471	1259	3764	5180	1329	3592	659	3999	3995	1907	472	307	6724	1229	1631	538	47	2566	397	4327	3620	3050	1875	3069	3846	4207	622	3355	581	4548	1187	7009	6874	6258	5005	3677	5269	3144	1687	6466	6614	5851	5129	6772	1478	3589	2882	1302	2414	1005	1564	6268	1945	5984	6592	1017	5612	1420	3388	1427	3408	2892	593	5865	3973	3369	2432	977	4495	5301	1090	2404	5224	2958	3735	6283	5389	2182	1715	3219	1630	4890	306	3800	579	312	4098	2646	5836	5053	5039	3232	2027	2011	3832	5927	3122	3061	3141	59	1559	780	2399	1762	5747	1951	4621	4670	6718	2396	2724	2186	1022	2047	521	3414	434	5382	2539	733	5026	5017	3424	1163	2924	4968	257	1910	748	174	1481	3281	7182	6209	1230	219	3585	873	3595	95	5722	429	1593	2849	745	3664	1037	561	202	5847	461	5480	2008	4983	1515	1288	3423	675	1941	6903	4430	2818	3920	1938	5949	6101	1258	3352	344	700	3216	5171	1567	3444	680	4213	4178	2111	1323	2918	1605	1600	2592	3067	4600	4734	1442	6431	5613	2876	2406	5370	1669	2656	555	608	5357	4018	3996	6045	864	2077	82	1012	289	67	4545	5741	4368	3421	267	6110	5762	32	4801	2889	2049	5759	5406	3543	6677	2661	139	5392	4713	2907	3919	5020	4981	727	68	6162	4005	2708	5359	1026	4274	1483	1920	5179	2877	3178	3428	878	2956	1052	4006	6834	1472	6791	4960	2960	2625	1982	5981	2155	2838	3877	5426	4956	4360	4468	4374	6153	5203	6150	4906	4781	2738	71	184	3584	4004	6357	55	494	1419	5589	2643	1826	115	1080	3732	6748	4605	4898	5537	4949	4421	2679	6557	5411	2737	1680	5189	5178	4892	2168	2441	3670	3791	2938	1186	1851	2349	1991	3066	6679	4659	1940	5471	4933	4409	6974	5896	2346	4735	5578	2003	1820	5386	1849	6715	6549	2299	4458	3758	4297	2713	4082	3308	6178	2714	5478	5835	1182	2290	4096	3092	928	3878	2542	2330	1553	3928	4923	5565	5778	5622	4446	2982	2113	3264	3908	4198	3253	4758	2731	2556	3089	3098	6882	4564	2344	1763	1476	1964	5594	547	3784	4343	4650	2161	6459	6247	1843	6025	5938	4865	4863	670	2520	5660	5047	2220	6609	2605	2633	2443	1831	1249	1147	1795	4597	5715	4317	4457	242	213	4155	2361	6438	3629	7030	7241	5855	2386	2783	6225	2614	6345	3874	3983	4103	3887	1896	550	643	5795	4859	3829	1158	1824	4065	6231	6041	5976	2662	73	5398	5032	3819	5254	4936	2514	349	6325	5400	770	2897	3835	1346	1672	131	1002	4020	3801	2455	3519	3970	3009	1236	3549	3757	4695	3425	6387	6016	3116	1086	2705	3302	2743	2574	2245	813	539	368	3208	5444	3578	3538	1501	2790	5880	4153	5304	3953	2138	1757	5184	1772	5557	2367	4770	1866	149	5515	5925	6598	6698	5309	6229	6504	4627	3674	1570	7346	6990	5924	6595	5786	1928	4887	1146	6956	6822	6861	4384	6650	5246	6694	3361	4151	4860	4816	2919	1555	3492	4571	2968	2821	2776	418	5911	6324	6958	2939	2603	4687	2812	2298	4561	1634	6607	3929	2145	4200	5992	3659	5968	5679	3383	1463	638	5521	4602	1949	3300	4504	5665	4707	1148	5512	863	1443	1220	524	2257	4284	4831	2062	5694	5647	151	1925	2718	110	4675	77	4400	1504	1808	5300	6008	2190	4167	754	2489	4855	6131	1151	6183	6440	3925	3744	1667	5000	1893	4056	1040	2391	3776	159	6060	2490	91	1950	208	1842	4574	2485	1342	760	313	299	3653	1228	3199	2087	4362	1924	4586	1542	2093	2378	3486	1768	2255	1317	2076	1867	2002	559	2357	224	354	279	3119	281	61	3481	1725	4743	3690	719	927	2965	828	1830	505	1699	5429	4222	4454	3916	4127	3073	4678	4393	1638	1486	3682	4376	4648	867	308	1395	1025	1947	6943	4682	5403	5691	6114	3942	6254	6089	2885	2174	3708	1839	4593	996	721	187	428	1135	826	544	5321	854	4177	1157	964	1224	3704	58	531	468	237	1712	283	446	967	1426	1296	871	62	6353	5991	5549	3320	4727	2256	3293	703	2471	3042	1444	2121	5358	3939	1382	767	4401	4405	3546	41	1693	371	2528	4218	4559	2534	4838	4193	173	1790	722	176	4113	23	4099	3981	764	291	6992	2758	6816	1931	4775	2394	370	48	194	16	5024	5876	1633	1821	3062	1644	1569	2006	5122	2616	5096	3841	2028	1841	5996	4295	3827	2570	697	3206	2347	4499	5238	3397	3419	5742	1578	846	2324	1581	6935	4554	4052	3555	1723	1099	1110	3937	258	1032	706	1289	810	636	652	1008	266	3692	481	3243	2477	5063	2410	2230	2041	2694	317	268	319	611	742
2093	5564
2094	5570
2095	5573	3621	709
2096	5576
2097	5577
2098	5580
2099	5581
2100	5582	710	1410	3387	5928	5317	3838
2101	5585
2102	5587
2103	5588
2104	5591
2105	5592
2106	5595
2107	5597
2108	5598
2109	5600
2110	5602
2111	5605
2112	5610
2113	5614
2114	5615
2115	5616
2116	5618
2117	5620
2118	5621
2119	5625
2120	5626
2121	5627
2122	5630
2123	5631
2124	5632
2125	5633
2126	5634
2127	5635
2128	5637
2129	5639
2130	5640
2131	5642
2132	5644
2133	5646	5395
2134	5651
2135	5653	3269
2136	5656
2137	5657
2138	5658
2139	5659
2140	5661
2141	5663
2142	5664
2143	5667
2144	5670
2145	5671
2146	5672
2147	5675
2148	5676
2149	5678
2150	5681
2151	5682
2152	5683
2153	5685
2154	5686
2155	5689
2156	5690
2157	5695
2158	5698
2159	5700
2160	5704
2161	5707
2162	5708
2163	5710
2164	5712
2165	5714
2166	5719	5943
2167	5720
2168	5721
2169	5723
2170	5724
2171	5725
2172	5726
2173	5727
2174	5728
2175	5729
2176	5730
2177	5731
2178	5733
2179	5735
2180	5736
2181	5737
2182	5738
2183	5739	6184	4199	3103	2440	5155	3295
2184	5740
2185	5744
2186	5745
2187	5750
2188	5751
2189	5752
2190	5755
2191	5756
2192	5758
2193	5760
2194	5763
2195	5764
2196	5769
2197	5770	5050	3542
2198	5772
2199	5773
2200	5775
2201	5776
2202	5777
2203	5779
2204	5781
2205	5782
2206	5785
2207	5787
2208	5791
2209	5793
2210	5796
2211	5797
2212	5799
2213	5801
2214	5802
2215	5805	4899	5890	1081	211
2216	5807
2217	5808
2218	5809
2219	5810
2220	5811
2221	5812
2222	5813	4611	254
2223	5814
2224	5815
2225	5816
2226	5817
2227	5818
2228	5820
2229	5822
2230	5823
2231	5824
2232	5825
2233	5826
2234	5828
2235	5829
2236	5830
2237	5832
2238	5838
2239	5839
2240	5840
2241	5842
2242	5843
2243	5845
2244	5846	5866	4639
2245	5850
2246	5852	1250	2578
2247	5853
2248	5854
2249	5856
2250	5857
2251	5858
2252	5860
2253	5862
2254	5863
2255	5864
2256	5867
2257	5869
2258	5871
2259	5872
2260	5877
2261	5878	4189	6780	1368
2262	5879
2263	5881
2264	5882
2265	5883
2266	5884
2267	5885
2268	5888
2269	5889
2270	5891
2271	5897
2272	5898
2273	5899
2274	5900
2275	5901
2276	5902
2277	5905
2278	5906
2279	5908
2280	5909
2281	5912
2282	5914
2283	5915
2284	5918
2285	5919
2286	5920
2287	5921
2288	5922
2289	5929
2290	5930
2291	5931
2292	5932
2293	5933
2294	5936
2295	5937
2296	5939
2297	5940
2298	5941
2299	5942
2300	5946
2301	5947
2302	5948
2303	5950
2304	5951
2305	5953	3550	5757
2306	5954	4913	6322
2307	5955
2308	5956
2309	5959
2310	5960
2311	5962
2312	5963
2313	5964
2314	5965
2315	5969
2316	5971
2317	5972
2318	5973
2319	5977
2320	5978
2321	5979
2322	5980
2323	5983
2324	5985
2325	5986
2326	5987
2327	5988
2328	5989
2329	5990
2330	5993
2331	5994
2332	5998
2333	5999
2334	6001
2335	6002
2336	6003
2337	6004
2338	6007
2339	6009
2340	6012
2341	6013
2342	6014
2343	6017
2344	6018
2345	6021
2346	6022
2347	6024
2348	6028
2349	6029
2350	6034
2351	6035	5285	2317	3698	766
2352	6036
2353	6037
2354	6038
2355	6039
2356	6043
2357	6044
2358	6046
2359	6047
2360	6048
2361	6050
2362	6051
2363	6052
2364	6053
2365	6054
2366	6064
2367	6066
2368	6067
2369	6069
2370	6072
2371	6073
2372	6074
2373	6075
2374	6077
2375	6079	1464	5579	2803	6090	2293	316	2108	253	54
2376	6081
2377	6084
2378	6086
2379	6087
2380	6088
2381	6091
2382	6093
2383	6095
2384	6097
2385	6098
2386	6099
2387	6102
2388	6103
2389	6105
2390	6106
2391	6107
2392	6109
2393	6111
2394	6112
2395	6113
2396	6117
2397	6118
2398	6123
2399	6124
2400	6126
2401	6127
2402	6129
2403	6130
2404	6132
2405	6134
2406	6135
2407	6136
2408	6137
2409	6138
2410	6140	1955	2105	1525	65
2411	6141
2412	6142	1810	2226
2413	6143
2414	6144
2415	6149
2416	6151
2417	6154
2418	6155
2419	6158
2420	6160
2421	6163
2422	6164
2423	6165
2424	6167
2425	6168
2426	6170
2427	6172
2428	6173
2429	6174
2430	6175
2431	6177
2432	6182
2433	6185	5798
2434	6186
2435	6187
2436	6188
2437	6191
2438	6193
2439	6194
2440	6195
2441	6196
2442	6197
2443	6198
2444	6199
2445	6201
2446	6202
2447	6203
2448	6204
2449	6206
2450	6207
2451	6208
2452	6211
2453	6212
2454	6214
2455	6216
2456	6217
2457	6219
2458	6220
2459	6222
2460	6223	1393
2461	6226
2462	6227
2463	6228
2464	6230
2465	6232
2466	6233
2467	6236
2468	6237
2469	6238
2470	6240
2471	6241
2472	6242
2473	6243
2474	6244
2475	6245
2476	6246
2477	6249
2478	6250
2479	6251
2480	6252
2481	6253
2482	6256
2483	6259
2484	6260
2485	6261
2486	6263
2487	6267
2488	6269
2489	6270
2490	6271
2491	6272
2492	6273
2493	6275
2494	6277
2495	6280
2496	6281
2497	6282
2498	6285
2499	6287
2500	6289
2501	6290
2502	6292
2503	6293
2504	6294
2505	6296
2506	6297
2507	6298
2508	6299
2509	6300
2510	6301
2511	6304	5732
2512	6305
2513	6307
2514	6310
2515	6313
2516	6314
2517	6315
2518	6316
2519	6320
2520	6323
2521	6326
2522	6327
2523	6329
2524	6330
2525	6332
2526	6333
2527	6334
2528	6335
2529	6336	5525	5141	5476	126	1422
2530	6337	2652	2212
2531	6338
2532	6343
2533	6346
2534	6347
2535	6348
2536	6349
2537	6350
2538	6351
2539	6352
2540	6354
2541	6355
2542	6356
2543	6358	7228	4072	519	1106	5593	5575	3952	440
2544	6359	6339	5643	1582	6509	5833	5649	1376	5200	3625	3407	3510	6643	602
2545	6360
2546	6362
2547	6363
2548	6367
2549	6368
2550	6369
2551	6371
2552	6374
2553	6376
2554	6378
2555	6380
2556	6381	4196	3290
2557	6382
2558	6384
2559	6385
2560	6388
2561	6390
2562	6393
2563	6394
2564	6395
2565	6397
2566	6400
2567	6403
2568	6404
2569	6405	2305	5894	2931	4180	4145	4134	917	3795
2570	6407
2571	6408
2572	6409
2573	6412
2574	6413
2575	6414
2576	6416
2577	6417
2578	6418
2579	6419
2580	6420
2581	6421
2582	6422
2583	6423
2584	6427
2585	6428
2586	6429
2587	6430
2588	6432
2589	6433	4249	1735	3767	6276	6449	1675	6869	6169	5085	6147	4520	2219	5607	6104	1392	4902	3623	3212	4987	6710	454	5121	4565	618	243	3359	3155	1900	5316	3258	1115	4885	199	1222	4007	571	2640	4911	3790	5393	4897	4449	4441	3930	4518	3314	629	1642	6005	4312	3184	2703	2952	2692	46	3412	3038	2584	818	5173	2327	6000	2670	3007	2162	1048	527	121	43	1421	1360	4102	2448	5239	460	6902	6065	3520	2136	4753	1871	4206	720	6754	4568	5844	6627	6372	3385	2462	2291	4216	5413	952	4205	3082	2036	5229	5713	35	2031	104	4938	3458	3904	326	5768	206	776	2014	415	1401	1813	1103	459	2501	448	5333	3464	1011	5944	4508	4358	153	529	2840	1432	2133	2740	688	2382	1720	171	1038	1336	1402	2064	5231	4584	2795	7165	5711	3480	3416	2279	3926	3289	1744	2225	1272	3759	2933	1835	1324	1104	296	876	1632	4292	4273	2780	6411	1863	901	226	536	4382	4460	3247	933	1332	5650	4984	4306	4632	2208	212	1043	1508	3034	1980	3129	2651	769	1403	228	1294	1197	1134	1778	4257	3430	106	4988	2359	321	141	5895	3931	1528	2985	3132	1314	1176	7056	6760	5703	6391	5150	2954	2593	4226	1753	4114	6708	2096	3070	506	687	1266	1879	2548	2147
2590	6434
2591	6435
2592	6436
2593	6437
2594	6439
2595	6442
2596	6444
2597	6448
2598	6450
2599	6452
2600	6453
2601	6454	3220	6537
2602	6455
2603	6457
2604	6460
2605	6461
2606	6462
2607	6463
2608	6465
2609	6467
2610	6469
2611	6471
2612	6472
2613	6473
2614	6474
2615	6476
2616	6477
2617	6478
2618	6479
2619	6480
2620	6482
2621	6483
2622	6484
2623	6485
2624	6486
2625	6488
2626	6489
2627	6490
2628	6491
2629	6492
2630	6493
2631	6494
2632	6495
2633	6496
2634	6497
2635	6499
2636	6500
2637	6502
2638	6503
2639	6506
2640	6507
2641	6511
2642	6512
2643	6513
2644	6514
2645	6515
2646	6516
2647	6518
2648	6521
2649	6524
2650	6525
2651	6528
2652	6531
2653	6532
2654	6533
2655	6534
2656	6538
2657	6540
2658	6542
2659	6544
2660	6545
2661	6546
2662	6547
2663	6548
2664	6550
2665	6551
2666	6552
2667	6553
2668	6554
2669	6555	6872
2670	6556
2671	6560
2672	6561
2673	6562
2674	6563
2675	6564
2676	6565
2677	6567
2678	6569
2679	6571
2680	6572
2681	6573
2682	6574
2683	6575
2684	6576
2685	6577
2686	6579
2687	6580
2688	6581
2689	6582
2690	6584
2691	6585
2692	6587
2693	6588
2694	6590
2695	6591
2696	6593	6213	3537	4255	751	2820	1939	1155	4396	1149	33
2697	6594
2698	6596
2699	6597
2700	6599
2701	6600
2702	6601
2703	6602
2704	6603
2705	6604
2706	6605
2707	6608
2708	6611
2709	6613
2710	6615
2711	6616
2712	6617
2713	6618
2714	6619
2715	6620
2716	6621
2717	6622
2718	6623
2719	6624
2720	6625
2721	6626
2722	6628
2723	6629
2724	6630
2725	6631
2726	6632
2727	6634
2728	6635
2729	6637
2730	6639
2731	6640
2732	6641
2733	6642
2734	6644
2735	6645
2736	6646
2737	6648
2738	6649
2739	6651
2740	6652
2741	6653
2742	6654
2743	6655
2744	6656
2745	6657
2746	6658
2747	6659
2748	6660
2749	6661
2750	6665
2751	6667
2752	6668
2753	6670
2754	6672
2755	6673
2756	6675
2757	6676
2758	6678
2759	6680
2760	6681
2761	6683
2762	6684
2763	6685
2764	6686
2765	6689
2766	6690
2767	6691
2768	6692
2769	6695
2770	6696
2771	6697
2772	6700
2773	6701
2774	6702
2775	6704
2776	6706
2777	6707
2778	6709
2779	6711
2780	6713
2781	6716
2782	6717
2783	6720
2784	6721
2785	6722
2786	6726
2787	6727
2788	6728
2789	6729
2790	6730	5617
2791	6731
2792	6732
2793	6733
2794	6734
2795	6735
2796	6736
2797	6737
2798	6738
2799	6739
2800	6740
2801	6741
2802	6742
2803	6743	5907	4932	5088	5369	731
2804	6745	6570	4599
2805	6746
2806	6747
2807	6749
2808	6750
2809	6751
2810	6752
2811	6755
2812	6756
2813	6757
2814	6759
2815	6762
2816	6764
2817	6765
2818	6766
2819	6767
2820	6768
2821	6770
2822	6771
2823	6773
2824	6774
2825	6775
2826	6777
2827	6778
2828	6779
2829	6782
2830	6783
2831	6784
2832	6785
2833	6786
2834	6787	4265	6606	5774	4354	1878
2835	6788
2836	6789
2837	6790
2838	6793
2839	6794
2840	6795
2841	6796
2842	6798
2843	6799
2844	6801
2845	6803
2846	6808
2847	6809
2848	6810
2849	6811
2850	6812
2851	6814
2852	6815
2853	6817
2854	6818
2855	6820
2856	6821
2857	6823
2858	6824
2859	6825
2860	6826
2861	6827
2862	6828
2863	6829
2864	6830
2865	6832	3780	2819
2866	6833
2867	6835
2868	6836
2869	6837
2870	6838
2871	6839
2872	6841
2873	6842	3182	3774
2874	6843
2875	6844
2876	6845
2877	6846
2878	6847
2879	6849
2880	6850
2881	6853
2882	6854
2883	6855
2884	6856
2885	6857
2886	6858
2887	6859
2888	6862
2889	6863
2890	6864
2891	6865
2892	6866
2893	6867
2894	6868
2895	6870
2896	6875
2897	6877
2898	6878
2899	6879
2900	6881
2901	6883
2902	6884
2903	6885
2904	6887
2905	6889
2906	6890	2110	4031	3974	4634	4224	1889	75
2907	6891
2908	6892
2909	6894
2910	6895
2911	6896
2912	6897
2913	6898
2914	6900
2915	6901
2916	6904
2917	6905
2918	6906
2919	6908
2920	6910
2921	6911
2922	6912
2923	6913
2924	6914
2925	6915
2926	6916
2927	6917
2928	6918
2929	6919
2930	6920
2931	6921
2932	6922
2933	6923
2934	6925
2935	6926
2936	6928
2937	6929
2938	6931
2939	6932
2940	6933
2941	6934
2942	6936
2943	6937
2944	6938
2945	6939
2946	6940
2947	6941
2948	6942	5917	3326
2949	6944
2950	6945
2951	6946
2952	6948
2953	6950
2954	6951
2955	6953
2956	6957
2957	6959
2958	6962
2959	6963
2960	6964
2961	6965
2962	6966
2963	6967
2964	6968
2965	6969
2966	6970
2967	6971
2968	6972
2969	6973
2970	6976
2971	6977
2972	6981
2973	6982
2974	6983
2975	6984
2976	6985
2977	6986
2978	6987
2979	6988
2980	6989
2981	6991
2982	6993
2983	6994
2984	6995
2985	6996
2986	6997
2987	6999
2988	7000
2989	7002
2990	7003
2991	7004
2992	7005
2993	7006
2994	7007
2995	7008
2996	7010
2997	7011
2998	7012
2999	7014
3000	7015
3001	7016
3002	7018
3003	7019
3004	7020
3005	7021
3006	7022
3007	7023
3008	7024
3009	7025
3010	7026
3011	7027
3012	7028
3013	7029
3014	7031
3015	7032
3016	7035
3017	7036
3018	7037
3019	7038
3020	7039
3021	7040
3022	7041
3023	7042
3024	7043
3025	7045
3026	7047
3027	7048
3028	7049
3029	7050
3030	7051
3031	7052
3032	7053
3033	7054
3034	7055
3035	7057
3036	7059
3037	7061
3038	7062
3039	7063
3040	7064
3041	7065
3042	7067
3043	7070
3044	7071
3045	7072
3046	7073
3047	7074
3048	7075
3049	7076
3050	7077
3051	7079
3052	7080
3053	7081
3054	7082
3055	7083
3056	7085
3057	7086
3058	7087
3059	7088
3060	7089
3061	7090
3062	7091
3063	7092
3064	7093
3065	7094
3066	7096
3067	7097
3068	7098
3069	7099
3070	7100
3071	7101
3072	7102
3073	7103
3074	7104
3075	7105
3076	7106	5584	2368
3077	7107
3078	7109
3079	7110
3080	7111
3081	7112
3082	7113
3083	7116
3084	7117
3085	7118
3086	7119
3087	7120
3088	7121
3089	7122
3090	7123
3091	7124
3092	7125	5423	3599	5499	3945	3152	3663	4365	1390	2358	1870	5388	4815	3476	5566	3853	1579	563	2012	2672	263	4903	5491	3373	1433	5144	2178	4426	2655	3010	411	2541	5105	3333	148
3093	7127
3094	7128	4633	5677
3095	7129
3096	7130
3097	7131
3098	7132
3099	7133
3100	7134
3101	7135
3102	7136
3103	7137
3104	7138
3105	7139
3106	7140
3107	7141
3108	7142
3109	7143
3110	7144
3111	7145
3112	7146
3113	7148
3114	7149
3115	7150
3116	7151
3117	7152
3118	7153
3119	7154
3120	7156
3121	7157
3122	7158
3123	7159
3124	7160
3125	7161
3126	7162
3127	7163
3128	7164
3129	7167
3130	7168
3131	7169
3132	7170
3133	7172
3134	7173
3135	7174
3136	7175
3137	7176
3138	7177
3139	7178
3140	7179
3141	7180
3142	7183
3143	7184
3144	7185
3145	7186
3146	7187
3147	7188
3148	7189
3149	7190
3150	7191
3151	7192
3152	7194
3153	7195
3154	7196
3155	7197
3156	7198
3157	7199
3158	7200
3159	7201
3160	7202
3161	7203
3162	7204
3163	7205
3164	7206
3165	7207
3166	7208
3167	7209
3168	7210
3169	7211
3170	7212
3171	7213
3172	7214
3173	7215
3174	7216
3175	7217
3176	7218
3177	7219
3178	7220
3179	7221
3180	7222
3181	7223
3182	7224
3183	7225
3184	7227
3185	7229	4244	5383	3343	2250
3186	7230
3187	7231
3188	7232
3189	7233
3190	7234
3191	7235	6541	6308	6061	4272	1044	806	3734	1640
3192	7236
3193	7237
3194	7238
3195	7239
3196	7240
3197	7242
3198	7243
3199	7244
3200	7246
3201	7247
3202	7248
3203	7249
3204	7250
3205	7251
3206	7252
3207	7253
3208	7254
3209	7255
3210	7256
3211	7257
3212	7258
3213	7259
3214	7260
3215	7261
3216	7262
3217	7263
3218	7264
3219	7265
3220	7266
3221	7267
3222	7268
3223	7269
3224	7270
3225	7271
3226	7272
3227	7273
3228	7274
3229	7275
3230	7276
3231	7277
3232	7278
3233	7280
3234	7281
3235	7282
3236	7283
3237	7284
3238	7285
3239	7286
3240	7287
3241	7288
3242	7290
3243	7291
3244	7292
3245	7293
3246	7294
3247	7296
3248	7297
3249	7298
3250	7299
3251	7300
3252	7302
3253	7303
3254	7304
3255	7305
3256	7306
3257	7307
3258	7308
3259	7309
3260	7310
3261	7311
3262	7312
3263	7313
3264	7314
3265	7315
3266	7316
3267	7317
3268	7318
3269	7319
3270	7320
3271	7321
3272	7323
3273	7324
3274	7325
3275	7326
3276	7327
3277	7328
3278	7329
3279	7330
3280	7331
3281	7332
3282	7333
3283	7334
3284	7335
3285	7336
3286	7337
3287	7338
3288	7339
3289	7340
3290	7341
3291	7342
3292	7343
3293	7344
3294	7345
3295	7347
3296	7348
3297	7349
3298	7350
3299	7351
3300	7352
3301	7353
3302	7354
3303	7355
3304	7356
3305	7357
3306	7358
3307	7359
3308	7360
3309	7361
3310	7362
3311	7363
3312	7364
3313	7365
3314	7366
3315	7367
3316	7368
3317	7369
3318	7370
3319	7371
3320	7372
3321	7373
3322	7374
3323	7375
3324	7376
3325	7377
3326	7378
3327	7380
3328	7381
3329	7382
3330	7383
3331	7384
3332	7385
3333	7386
3334	7387
3335	7388
3336	7390
3337	7391
3338	7392
3339	7393
3340	7394
3341	7395
3342	7396
3343	7397
3344	7398
3345	7399
3346	7400
3347	7401
3348	7402
3349	7403
3350	7404
3351	7405
3352	7406
3353	7407
3354	7408
3355	7409
3356	7410
3357	7411
3358	7412
3359	7413
3360	7414
3361	7415
3362	7416
3363	7417
3364	7418
3365	7419
3366	7420
3367	7421
3368	7422
3369	7423
3370	7424
3371	7425
3372	7426
3373	7427
3374	7428
