1	4107
106	1503
200	9520
273	17794
273	17793
273	17783
273	17782
273	15906
273	15905
273	17823
273	4564
273	6207
273	22734
273	33102
387	21973
445	445
445	15867
15867	445
15867	15867
15867	713
713	445
445	15868
478	8470
478	5119
478	14686
543	32726
543	32677
655	32338
679	5067
689	15040
698	4350
705	3940
805	20970
4871	20970
5647	20970
826	826
826	825
834	14890
176	1887
950	29355
999	997
999	996
999	995
998	996
998	995
997	995
996	26518
1028	29391
1028	29390
1028	29393
1028	29404
1028	29384
1569	1639
1569	11990
1603	25287
1740	1740
1740	1739
1740	1591
1739	1591
1773	1773
1773	1731
1831	26411
681	12967
1970	25821
25821	1970
25821	25821
25821	25820
25821	25819
25821	5009
25820	1970
25820	25820
25820	25819
25820	5009
25819	25819
25819	5009
1970	25822
2193	2193
2193	2192
2193	2191
2192	2191
2224	2223
2244	2244
2244	2167
2298	31594
2298	2308
2298	2307
2297	31588
2297	31594
2297	2353
2297	2352
2282	2281
2282	31588
2282	31594
2282	2353
2282	2352
2282	2308
2282	2307
2281	31588
2281	31594
2281	2353
2281	2352
2281	2308
2281	2307
31588	2298
31588	2297
31588	2282
31588	2281
31588	31588
31588	31594
31588	2353
31588	2352
31588	2304
31588	2308
31588	2307
31594	2298
31594	2297
31594	2282
31594	2281
31594	31588
31594	31594
31594	2353
31594	2352
31594	2304
31594	2308
31594	2307
2353	2298
2353	2297
2353	2282
2353	2281
2353	2352
2353	2304
2353	2308
2353	2307
2352	2298
2352	2297
2352	2282
2352	2281
2352	2307
2304	2298
2304	2297
2304	2282
2304	2281
2308	2298
2308	2297
2308	2282
2308	2281
2308	31588
2308	31594
2308	2304
2308	2308
2308	2307
2307	2298
2307	2297
2307	2282
2307	2281
2307	31588
2307	31594
2303	2290
2303	2289
2303	31592
2303	31591
2303	2288
2303	2408
2290	31592
2290	2288
2289	31592
2289	31591
2289	2408
31592	2303
31592	2290
31592	2289
31592	31592
31592	31591
31592	2288
31592	2408
31591	2303
31591	2290
31591	2289
31591	31591
31591	2288
31591	2408
2408	2303
2408	2290
2408	2289
2408	31592
2408	31591
2408	2288
2408	2408
2520	1641
2711	22419
2812	2812
2812	5461
2812	5460
2812	5459
2812	4208
5461	2812
5461	5461
5461	5460
5461	5459
5461	4208
5460	2812
5460	5459
5460	4208
5459	2812
5459	4208
4208	2812
2812	5462
2815	27440
2815	2815
2815	27439
2815	27438
2815	19078
2815	1238
27439	2815
27439	27439
27439	27438
27439	19078
27439	1238
27438	2815
27438	19078
27438	1238
19078	2815
19078	1238
1238	2815
20903	27163
20902	27163
2881	20903
2881	20902
27162	2881
27162	27162
27162	20903
27162	20902
27162	20894
20903	2881
20903	27162
20903	20903
20903	20902
20903	20894
20902	2881
20902	27162
20902	20894
20894	2881
2881	20913
27162	20913
2891	2891
2891	2851
2905	2905
2905	2904
28725	6486
3008	12089
3099	16053
16025	3103
16025	16024
16024	3103
16024	16024
4779	11006
3235	32889
3235	24407
3235	24298
3267	4016
3124	3871
3276	3276
3276	3247
3276	3124
3247	3124
3500	3500
3500	3499
3500	3498
3499	3498
3545	22936
3701	3701
3701	3700
3701	3699
3700	3699
3738	3738
3738	3737
3738	3736
3738	3735
3738	3734
3737	3736
3737	3735
3737	3734
3736	3735
3736	3734
3745	3745
3745	3744
3874	3874
3874	3873
4047	27782
4088	18331
4088	12175
18330	4088
18330	12175
12175	4088
12175	12175
12175	22195
4254	24251
4323	4323
4323	4322
4450	33686
4450	28116
4450	28115
4450	12373
33686	4450
33686	33686
33686	28116
33686	28115
33686	12373
28116	4450
28116	28115
28116	12373
28115	4450
28115	12373
12373	4450
4450	33687
14385	6660
4500	14386
4578	4578
4578	4577
4578	4510
4577	4510
5024	31440
5024	31428
5024	31427
5024	31438
5024	15261
5024	31586
5024	31585
5024	31584
5050	29130
29130	5050
29130	29130
29130	29129
29130	29128
29130	4865
29129	5050
29129	29129
29129	29128
29129	4865
29128	29128
29128	4865
4865	5050
5050	29131
5072	5072
5072	5071
5081	5081
5081	5080
5085	5085
5085	5084
5100	5100
5100	5099
5102	5102
5102	4381
5421	5266
5577	5577
5577	5576
1624	5639
5799	5799
5799	5798
5803	3840
6809	5803
6809	6809
6809	3840
3840	5803
5803	6810
5861	15213
5865	5865
5865	5864
5865	5863
5864	5863
5888	22735
5888	5888
5888	22734
5888	17555
5888	6068
5888	782
22734	5888
22734	22734
22734	17555
22734	6068
22734	782
17555	5888
17555	6068
17555	782
6068	5888
6068	782
782	5888
6108	6108
6108	6107
6145	6145
6145	6144
6173	6173
6173	6172
6173	6171
6172	6171
6311	6311
6311	5988
1693	12903
1730	12903
6625	6625
6625	6536
6830	6830
6830	21963
6830	21962
6830	21961
6830	5262
21963	6830
21963	21963
21963	21962
21963	21961
21963	5262
21962	6830
21962	21961
21962	5262
21961	6830
21961	5262
5262	6830
6830	21964
6911	6911
6911	6893
12251	6923
6921	12251
12251	6921
12251	12251
12251	6922
6922	6921
6921	25035
7232	18557
7324	7324
7324	7323
7363	7363
7363	7362
7481	22335
7358	22335
7522	7549
7594	33668
18735	33668
7838	7838
7838	7837
29793	27425
5816	27425
7861	29793
7861	2215
7861	5921
7861	5816
29793	7861
29793	29793
29793	27424
29793	2215
29793	5921
29793	5816
27424	7861
27424	2215
27424	5921
27424	5816
2215	29793
2215	5816
5921	29793
5921	2215
5816	7861
5816	29793
5816	27424
5816	2215
7893	7893
7893	7892
7918	7918
7918	7909
7918	3724
7909	3724
8112	8112
8112	8111
8118	8118
8118	8117
8194	8194
8194	8193
8247	8247
8247	5526
8247	302
5526	302
10223	10228
10227	10226
8523	8523
8523	8427
6582	8531
13639	9488
1043	9488
787	9488
1568	9488
5938	14737
9248	9248
9248	503
9248	9247
503	9247
9247	503
9247	9247
9247	12342
9420	9420
9420	9419
9482	28899
6103	28899
9588	9588
9588	9551
10031	13230
13226	13230
10037	10037
10037	10036
10060	10060
10060	10030
10121	10121
10121	10120
10121	10119
10120	10119
426	22004
10314	10314
10314	7759
10314	6345
10314	381
10314	426
7759	10314
7759	7759
7759	6345
7759	381
7759	426
6345	381
6345	426
426	10314
426	7759
426	6345
10345	10345
10345	10873
10345	10853
10345	10852
10345	621
10873	10345
10873	10873
10873	10853
10873	10852
10873	621
10853	10345
10853	10852
10853	621
10852	10345
621	10345
10345	10874
10345	10854
10873	10854
10364	25204
10399	25204
10475	25182
10475	10475
10475	25181
10475	25180
10475	25179
10475	6508
25181	10475
25181	25181
25181	25180
25181	25179
25181	6508
25180	10475
25180	25179
25180	6508
25179	10475
25179	6508
10544	10544
10544	10543
10614	10614
10614	10613
8354	10652
10709	10708
20241	23262
10827	20241
20241	10827
20241	20241
20241	20240
10827	20242
11084	11084
11084	11083
11203	11203
11203	11202
11236	11236
11236	11235
11235	11235
11243	11243
11243	11242
11243	11241
11242	11241
11299	11299
11299	11298
11619	11619
11619	8822
11672	11672
11672	11671
11671	11671
212	11702
11701	11701
11701	11700
11701	11699
11701	5036
11701	212
11700	11699
11700	5036
11700	212
11699	5036
11699	212
212	11701
212	11700
212	11699
11727	11727
11727	11726
11727	11725
11727	11724
11727	8776
11726	11725
11726	11724
11726	8776
11725	11724
11725	8776
8904	11786
11785	11785
11785	11451
11785	8904
11451	11451
11451	8904
8904	11451
8904	8904
11873	11873
11873	11872
11882	11882
11882	11881
11965	11964
5329	22245
12073	12073
12073	12072
12073	7380
12072	7380
12097	12097
12097	12096
12096	12096
12110	12110
12110	12367
12110	12104
12110	12066
12110	7408
12367	12110
12367	12367
12367	12104
12367	12066
12367	7408
12104	12367
12104	12066
12104	7408
7408	12110
7408	12367
12110	12360
12367	12360
12367	12111
7408	12111
12253	22537
12274	12274
12274	12273
12349	12349
12349	12109
12109	12109
12364	12364
12364	12363
12364	12362
12363	12362
12525	12524
29517	29721
1457	12913
14686	21327
13015	13015
13015	13014
13015	5475
13015	5471
13015	5474
13015	5473
13015	5472
13014	5475
13014	5471
13014	5474
13014	5473
13014	5472
5475	5471
5475	5474
5475	5473
5475	5472
5474	5473
5474	5472
5472	13015
5472	13014
5474	13025
5473	13025
5472	13025
13040	13040
13040	13039
13318	13318
13318	13317
13404	13404
13404	13403
13420	13420
13420	13419
13420	6623
13419	6623
13445	13445
13445	13432
13495	13495
13495	13468
13513	13513
13513	13418
13533	13533
13533	12263
13533	11592
13533	11466
13533	8137
12263	12263
12263	11592
12263	11466
12263	8137
11592	11466
11592	8137
11466	8137
13597	23960
966	23960
13843	13843
13843	13842
13843	8830
13842	8830
14017	14017
14017	14012
14035	14035
14035	14034
14146	14145
15999	17942
15962	17942
318	17942
7526	17942
11018	25246
14275	14303
14276	14276
14276	14275
14276	14125
14275	14275
14275	14125
14301	14301
14301	14300
14345	14345
14345	14344
14349	32370
14195	32370
14335	14355
14352	14335
14352	14205
14335	14352
14335	14354
14335	14353
14335	14205
14354	14352
14354	14335
14354	14354
14354	14353
14354	14205
14353	14352
14353	14335
14353	14205
14359	32349
14359	32348
14359	14050
32349	14359
32349	32349
32349	32348
32349	14050
32348	14359
32348	14050
14359	32350
14383	14383
14383	14313
14398	14398
14398	10787
867	14576
14575	14575
14575	14574
14575	7418
14575	447
14575	867
14574	7418
14574	447
14574	867
7418	7418
7418	447
7418	867
867	14575
867	14574
867	7418
867	447
14604	14604
14604	11948
14635	14635
14635	14632
14635	9839
14632	14635
14632	14632
14632	9839
14682	14682
14682	9737
14754	14754
14754	14753
14754	9779
14754	9100
14754	6807
14753	9779
14753	9100
14753	6807
9779	9100
9779	6807
9100	6807
6807	6807
14768	25577
29260	25577
29259	25577
5403	25577
4749	25577
5208	25577
14857	14857
14857	14856
14878	14878
14878	14814
14883	14883
14883	14870
14942	14942
14942	14835
14997	14997
14997	14872
15003	15003
15003	15002
15053	15053
15053	15006
15053	14899
15006	14899
15118	15118
15118	15117
15118	9800
15117	9800
9029	15150
7938	15150
5396	15150
15149	15149
15149	9029
15149	15148
15149	15147
15149	7938
15149	15146
15149	8063
15149	6664
15149	5396
9029	15149
9029	9029
9029	15147
9029	7938
9029	15146
9029	8063
9029	6664
9029	5396
15148	9029
15148	15148
15148	15147
15148	7938
15148	15146
15148	8063
15148	6664
15148	5396
15147	9029
15147	7938
15147	15146
15147	8063
15147	6664
15147	5396
7938	9029
7938	15148
7938	15147
7938	15146
7938	8063
7938	6664
7938	5396
15146	9029
15146	7938
15146	6664
15146	5396
8063	9029
8063	7938
8063	5396
6664	9029
6664	7938
5396	15149
5396	15147
5396	7938
5396	15146
5396	8063
15272	15272
15272	15271
15272	15270
15272	15269
15271	15270
15271	15269
15270	15269
15293	15293
15293	15292
15292	15292
15321	15321
15321	15320
15321	15319
15320	15319
15437	15437
15437	15436
15704	15704
15704	15625
15711	15711
15711	12401
15739	15739
15739	12490
15820	15820
15820	15819
15820	15818
15819	15818
15862	15862
15862	15861
15862	9807
15861	9807
15951	15951
15951	15950
15987	15987
15987	15986
2829	15995
16004	16004
16004	16003
2657	16088
16099	16099
16099	16098
16196	16196
16196	16195
16196	16194
16195	16194
16277	16277
16277	16276
16469	16469
16469	16468
16469	16466
16469	16467
16469	16465
16468	16466
16468	16467
16468	16465
16467	16466
16467	16465
1311	16494
16493	16492
16493	16491
16493	2884
16493	1311
16492	16491
16492	2884
16492	1311
16491	2884
16491	1311
2884	2884
2884	1311
1311	16493
1311	16492
1311	16491
1311	2884
1311	1311
16686	26517
16788	19253
16788	16753
19252	16788
19252	19252
19252	16753
16793	19357
16802	16802
16802	13976
16802	16801
13976	13976
13976	16801
16801	13976
16801	16801
16801	25567
16806	16806
16806	16805
16806	16804
16806	4008
16805	16804
16805	4008
16804	4008
16889	16889
16889	16888
16889	16887
16889	16816
16889	16224
16888	16887
16888	16816
16888	16224
16887	16816
16887	16224
16993	16993
16993	16964
16964	16964
17028	17028
17028	17027
17027	17027
17130	17130
17130	8228
17256	17256
17256	17135
17268	17267
17273	17273
17273	17272
17353	17353
17353	14688
17243	17364
17363	17297
17363	17243
17297	17243
17375	17375
17375	17374
17397	17397
17397	17396
17448	17448
17448	17447
17448	17446
17447	17446
17446	17486
17460	17460
17460	17459
6242	18612
17488	17488
17488	6207
17488	6242
6207	6207
6207	6242
6242	6207
6242	6242
17495	17495
17495	17119
17544	17544
17544	17543
17591	17591
17591	17331
17591	4565
17331	4565
17637	17637
17637	17100
17648	17648
17648	10945
10945	10945
17699	17699
17699	17698
5956	17852
17863	18076
17867	17867
17867	17866
17867	17863
17867	17865
17867	17864
17866	17865
17866	17864
17864	17863
17867	17931
17863	17931
5743	17992
3947	17992
3725	17992
17889	17889
17889	17888
17889	15214
17888	15214
17950	17950
17950	17918
17950	17907
17918	17907
17991	31161
18169	18169
18169	23623
25116	18169
25116	25116
25116	23623
23623	18169
23623	23623
18180	18180
18180	8700
8700	8700
18197	18197
18197	17719
18220	18220
18220	18219
18283	18283
18283	18282
18283	18281
18282	18281
18286	18286
18286	18242
18307	18465
18308	18465
18326	18326
18326	6066
6066	6066
18375	18375
18375	18306
18487	18487
18487	18200
18514	19067
18514	29323
18653	18653
18653	18651
18651	18651
18755	18755
18755	18754
18755	18753
18755	18752
18754	18754
18754	18753
18754	18752
18753	18752
18765	18765
18765	18764
18764	18764
18888	18888
18888	18887
18888	18886
18887	18886
18933	18933
18933	18932
19091	19091
19091	19090
19143	19143
19143	19142
19143	19141
19143	19140
19143	19139
19143	9513
19142	19141
19142	19140
19142	19139
19142	9513
19141	19143
19141	19141
19141	19140
19141	19139
19141	9513
19140	19143
19140	19139
19140	9513
19139	19143
19139	9513
19237	19237
19237	19236
19237	19235
19237	19234
19236	19235
19236	19234
19235	19234
8573	25809
19467	19467
19467	19466
19587	19587
19587	19578
23963	23961
23962	23961
19703	19703
19703	13153
19703	23963
19703	23962
19703	13150
13153	13153
13153	23963
13153	23962
13153	13150
23963	19703
23963	13153
23963	23963
23963	23962
23963	13150
23962	19703
23962	13153
23962	13150
19703	23964
13153	23964
19759	31279
19759	10177
20806	19759
20806	10177
10177	19759
19768	19768
19768	19767
19767	19767
19771	19771
19771	19861
19771	19770
19861	19771
19861	19861
19861	19770
19771	19862
19835	19835
19835	19748
19748	19748
19853	19853
19853	19852
19931	19931
19931	19930
19931	19915
19930	19915
20504	20137
20169	20169
20169	20168
20280	20280
20280	20180
20280	20178
20180	20178
20297	20297
20297	20296
20339	20339
20339	20333
20333	20333
20576	20576
20576	20575
20664	20664
20664	20663
20664	20660
20663	20660
20681	20681
20681	20671
20681	20670
20681	4619
20671	20681
20671	20671
20671	20670
20671	4619
20670	20681
20670	4619
20691	20689
20690	20689
20688	20688
20688	20687
20688	20686
20688	20691
20688	20690
20688	19769
20687	20686
20687	20691
20687	20690
20687	19769
20686	20691
20686	20690
20686	19769
20691	20688
20691	20687
20691	20686
20691	20691
20691	20690
20691	19769
20690	20688
20690	20687
20690	20686
20690	19769
20896	20896
20896	20893
20896	20910
20896	20909
20896	20895
20910	20896
20910	20893
20910	20910
20910	20909
20910	20895
20909	20896
20909	20893
20909	20909
20909	20895
20895	20909
20895	20895
21044	21067
21044	21062
21061	21061
21061	21011
21061	21044
21044	21011
21044	21044
21198	25866
25867	21198
25867	25866
25866	21198
21198	25878
21224	21224
21224	21223
21224	21222
21224	21221
21224	21220
21223	21222
21223	21221
21223	21220
21222	21221
21222	21220
21227	21227
21227	21226
21296	21296
21296	21295
21447	21447
21447	21446
21454	21454
21454	21453
21454	21452
21453	21452
15425	21498
21497	21496
21497	15425
21496	15425
21601	21601
21601	21600
21601	21599
21601	21598
21600	21599
21600	21598
21599	21598
21895	21895
21895	21894
21895	21893
21895	7413
21894	21894
21894	21893
21894	7413
21893	7413
21919	21909
21918	21909
1499	21909
7555	21913
21912	21912
21912	19151
21912	21911
21912	21910
21912	7081
21912	7555
19151	21912
19151	19151
19151	21910
19151	7081
19151	7555
21911	19151
21911	21910
21911	7081
21911	7555
21910	19151
21910	7081
21910	7555
7081	19151
7555	21912
7555	19151
7555	21911
7555	21910
7555	7081
7555	7555
21955	21955
21955	18677
21955	13296
18677	13296
13296	18677
13296	13296
13296	28117
21995	21995
21995	18012
22127	22127
22127	22125
22127	22124
22125	22124
22144	22144
22144	22140
22359	22359
22359	3070
3070	3070
32055	22406
32054	22406
22405	22404
22405	22405
22405	22403
22405	32055
22405	32054
22403	32055
22403	32054
32055	22404
32055	22405
32055	22403
32055	32055
32055	32054
32054	22405
32054	22403
32054	32054
22405	32056
22403	32056
22563	22563
22563	22562
22563	22561
22563	22560
22562	22561
22562	22560
22561	22560
22656	22656
22656	22655
22656	22654
22656	10992
22655	22654
22655	10992
22654	10992
22677	22677
22677	22676
22680	22680
22680	22679
22700	22700
22700	22699
22700	22698
22699	22698
22702	22702
22702	18549
18549	18549
22716	22716
22716	22659
22716	22658
22659	22658
22902	22902
22902	22901
22902	22900
22902	22873
22902	22875
22902	22874
22901	22901
22901	22900
22901	22873
22901	22875
22901	22874
22900	22873
22900	22875
22900	22874
22873	22901
22875	22902
22875	22901
22875	22900
22875	22873
22875	22875
22875	22874
22874	22902
22874	22901
22874	22900
22874	22874
22920	22920
22920	22919
5188	28354
15569	22943
15568	22943
15567	22943
22942	22942
22942	21201
22942	20796
22942	15569
22942	15568
22942	15567
22942	7093
21201	15569
21201	15567
21201	7093
20796	15569
20796	15568
15569	22942
15569	21201
15569	20796
15569	15569
15569	15568
15569	15567
15569	7093
15568	22942
15568	21201
15568	20796
15568	15568
15568	15567
15568	7093
15567	22942
15567	21201
15567	20796
15567	7093
23027	23027
23027	22983
23027	22982
22983	22982
23123	23123
23123	23122
23123	13332
23122	13332
23283	23283
23283	23280
23324	23324
23324	23323
23607	23607
23607	27840
23607	27836
23607	27834
23607	27833
23607	14534
27840	23607
27840	27840
27840	27836
27840	27835
27840	27834
27840	27833
27840	14534
27836	23607
27836	27835
27836	27834
27836	27833
27836	14534
27835	23607
27835	27840
27835	27835
27835	27834
27835	27833
27835	14534
27834	23607
27833	23607
27833	27840
14534	23607
14534	27840
14534	27835
14534	14534
23666	23666
23666	23665
23710	23710
23710	23692
23692	23692
23738	23738
23738	23720
23798	23798
23798	23797
23798	23437
23798	23196
23798	21886
23797	23437
23797	23196
23797	21886
23437	23196
23437	21886
23196	21886
23924	23924
23924	23923
23930	23930
23930	23929
23930	23917
23929	23917
23935	23943
23935	23935
23935	23934
23935	6979
23935	6894
23934	6979
23934	6894
23991	24106
13938	24106
24034	24033
24067	24067
24067	24066
24242	28314
24241	28313
24241	28311
24241	28310
24241	24242
24241	20959
24242	24241
4257	24252
24256	24256
24256	24255
24256	24254
24255	24254
24280	24280
24280	13600
24319	24319
24319	24318
24328	24328
24328	24327
24328	18083
24327	18083
10373	24406
10372	24406
24421	24421
24421	24420
24421	24419
24421	12930
24420	24419
24420	12930
24419	12930
24438	24438
24438	24437
24438	24436
24438	12975
24438	12969
24437	24436
24437	12975
24437	12969
24436	12975
24436	12969
12975	12975
12975	12969
24459	24459
24459	24458
24459	17052
24458	17052
24046	24529
24044	24529
24528	24528
24528	24527
24528	24045
24528	24046
24528	24044
24527	24045
24527	24046
24527	24044
24046	24528
24046	24527
24046	24045
24046	24046
24046	24044
24044	24528
24044	24527
24538	24538
24538	24526
24558	24558
24558	22754
9329	32044
7376	32044
24584	24584
24584	12609
24587	24590
5508	24590
24629	24629
24629	24628
24629	24626
24629	24625
24629	14957
24628	24628
24628	24626
24628	24625
24628	14957
24626	14957
24625	14957
24673	24678
24673	24673
24673	24677
24673	24676
24673	20177
24677	24673
24677	24677
24677	24676
24677	20177
24676	24673
24676	20177
24805	24805
24805	24804
24805	19928
24804	19928
19928	19928
24812	24812
24812	24811
24812	24810
24812	20279
24811	24810
24811	20279
24810	20279
24817	24817
24817	24816
24817	24815
24817	20124
24816	24815
24816	20124
24815	20124
2269	24827
5026	24827
24926	24926
24926	24925
24957	24957
24957	24956
25023	25023
25023	14514
25099	25099
25099	25098
25099	20247
25098	20247
25114	25114
25114	25113
25114	25112
25114	24648
25113	25112
25113	24648
25112	24648
25131	25134
25130	25134
25133	25133
25133	20610
25133	20544
25133	25131
25133	25130
20610	20544
20610	25131
20610	25130
25131	25133
25131	20610
25131	20544
25131	25131
25131	25130
25130	25133
25130	20610
25130	25130
25139	25139
25139	25138
25138	25138
25147	25147
25147	25146
25150	25156
25151	25151
25151	25150
25151	25149
25150	25150
25150	25149
25169	25169
25169	25168
25169	20609
25168	20609
25199	25199
25199	25198
25199	25197
25199	25196
25199	10473
25198	25197
25198	25196
25198	10473
25197	25196
25197	10473
12936	25244
4556	25244
4178	25244
25352	25353
25352	25352
25352	25351
25352	18108
25351	18108
31448	25361
31451	25361
31450	25361
22570	25361
22574	25361
25375	25375
25375	13615
25378	25378
25378	23281
25442	25442
25442	25441
25441	25441
25501	25501
25501	24943
25548	25548
25548	25547
25547	25547
25561	25561
25561	25560
25561	25376
25560	25376
25376	25560
25376	25376
25376	25562
25565	25565
25565	23238
25565	23187
23238	23187
25568	25568
25568	23386
25669	25491
25491	25491
25678	25678
25678	25677
25686	25686
25686	25673
25713	25713
25713	25712
25750	25749
21450	25771
25770	25770
25770	21450
25770	25768
25770	16280
21450	25770
21450	21450
21450	16280
25768	21450
25768	16280
25791	25791
25791	25790
25793	25793
25793	16285
25915	25915
25915	3254
25930	25930
25930	3537
1010	26603
3439	26021
26802	26100
26801	26100
26098	26802
26098	26801
26098	3591
26099	26098
26099	26099
26099	26802
26099	26801
26099	3591
26802	26098
26802	26099
26802	26802
26802	26801
26802	3591
26801	26098
26801	26099
26801	3591
26098	26803
26099	26803
26117	26117
26117	26115
26117	26116
26119	29826
26116	29826
26116	29825
26389	26389
26389	26388
26389	26387
26388	26388
26388	26387
26396	26396
26396	26395
26396	26394
26396	26391
26396	26393
26396	26390
26395	26394
26395	26391
26395	26393
26395	26390
26394	26391
26394	26393
26394	26390
26393	26390
26409	26409
26409	26408
26490	26490
26490	26489
26490	3345
26489	3345
3345	26797
26511	26510
26511	26506
26511	26505
26511	26504
26510	26506
26510	26505
26510	26504
26517	26517
26517	16690
26517	16689
26517	16688
26517	16687
16690	16688
16690	16687
16689	16687
26548	26548
26548	26547
26548	26546
26548	26544
26548	26543
26547	26546
26547	26544
26547	26543
26546	26544
26546	26543
26610	26610
26610	26609
26610	3460
26609	3460
26643	26643
26643	26640
26643	11237
26647	26647
26647	26646
26657	26657
26657	26656
26657	26653
26656	26653
26669	26669
26669	26668
26668	26668
26673	26673
26673	26672
26673	26671
26673	26670
26673	26667
26672	26671
26672	26670
26672	26667
26671	26670
26671	26667
26670	26667
26688	26688
26688	26687
26688	4776
26687	4776
26765	26768
26764	26768
26765	26765
26765	26764
26765	8516
26765	8510
26765	8475
26764	8516
26764	8510
26764	8475
8516	8475
26782	26781
26782	26780
26782	26779
26782	3341
26781	26780
26781	26779
26781	3341
26780	3341
26785	26788
26789	26785
26789	26789
26789	26788
26788	26785
26794	26794
26794	26793
26794	26792
26793	26792
26899	26903
26898	26903
26902	26900
26901	26900
26899	26899
26899	26898
26899	26902
26899	26901
26899	26206
26898	26902
26898	26901
26898	26206
26902	26899
26902	26898
26902	26902
26902	26901
26902	26206
26901	26899
26901	26898
26901	26206
26921	26921
26921	26920
26921	25956
26920	25956
26933	26933
26933	26932
26933	26931
26933	26930
26933	26929
26932	26932
26932	26931
26932	26930
26932	26929
26931	26930
26931	26929
26937	26937
26937	26936
26937	3418
26936	3418
26940	26940
26940	26939
26940	22322
26939	22322
22322	22322
26959	26959
26959	26958
26959	26957
26958	26957
26966	3896
26972	26972
26972	26971
26972	3551
26971	3551
26986	26986
26986	18586
18586	18586
27031	27031
27031	27030
27031	6425
27030	6425
27036	27036
27036	27035
27036	27034
27036	27033
27036	3827
27035	27034
27035	27033
27035	3827
27034	27033
27034	3827
27060	27060
27060	24444
27060	5300
24444	27060
24444	24444
24444	5300
27092	27092
27092	27091
27092	13722
27091	13722
27095	27095
27095	27094
27095	13744
27094	13744
27102	27102
27102	27101
27102	20904
27101	20904
27106	27109
27106	27106
27106	27108
27106	27105
27108	27106
27108	27108
27108	27105
27117	27117
27117	27116
27117	27115
27116	27115
27126	27126
27126	27125
27126	27124
27126	27123
27126	19375
27125	27124
27125	27123
27125	19375
27124	27123
27124	19375
27113	27149
27110	27149
27113	27140
27110	27140
27135	27134
27135	27132
27135	27111
27135	27113
27135	27110
27134	27132
27134	27111
27134	27113
27134	27110
27132	27113
27111	27113
27113	27135
27113	27134
27113	27132
27113	27111
27113	27113
27113	27110
27110	27135
27110	27134
27110	27132
27110	27110
27186	27186
27186	27185
27186	20917
27185	20917
27461	27461
27461	27460
27461	27459
27461	27458
27461	27457
27461	27456
27461	22705
27460	27459
27460	27458
27460	27457
27460	27456
27460	22705
27459	27458
27459	27457
27459	27456
27459	22705
27458	27456
27458	22705
27457	22705
27506	27506
27506	27505
27720	27720
27720	27690
27768	27768
27768	27767
27768	24258
27767	24258
27777	27781
27775	27781
27774	27781
27777	27777
27777	27780
27777	27779
27777	23840
27777	23845
27777	27775
27777	27774
27780	27777
27780	27780
27780	27779
27780	23840
27780	23845
27780	27775
27780	27774
27779	27777
27779	23840
27779	23845
27779	27775
27779	27774
23840	27775
27775	27777
27775	27780
27775	27779
27775	23840
27775	23845
27775	27775
27775	27774
27774	27777
27774	27780
27774	27779
27774	23840
27774	23845
27774	27774
1530	27820
27819	27819
27819	27818
27819	1530
27819	27817
27818	1530
27818	27817
1530	27818
1530	1530
1530	27817
27817	1530
27854	27857
27856	27856
27856	27855
27856	27854
27856	14612
27856	2092
27855	27854
27855	14612
27855	2092
27854	27856
27854	27854
27854	14612
27854	2092
14612	2092
27926	27926
27926	27925
27926	19171
27925	19171
27934	27933
28106	28106
28106	19181
28106	19174
19181	19174
28140	28140
28140	28139
28140	28134
28139	28134
28222	25640
28223	28222
28223	28223
28223	25640
25640	28222
25640	25640
28283	28283
28283	27455
28328	28328
28328	28327
28328	25039
28327	25039
28365	28365
28365	28364
28365	16567
28365	16565
28365	16564
28364	16567
28364	16565
28364	16564
16567	16565
16567	16564
28421	28421
28421	28420
28421	18528
28420	18528
28441	28441
28441	28440
28441	22991
28440	22991
28445	28445
28445	28444
28445	28443
28444	28443
28478	28478
28478	28477
28528	28528
28528	28527
28528	24010
28527	24010
14067	28535
28552	28552
28552	28551
28552	23965
28551	23965
28555	28558
28557	28557
28557	28555
28557	28554
28557	23966
28555	28557
28555	28555
28555	28554
28555	23966
28563	28563
28563	23973
28573	28573
28573	28571
28573	28570
28573	24029
28571	28573
28571	28571
28571	28570
28571	24029
28570	28573
28570	24029
28578	4976
28587	28587
28587	28586
28587	8415
28586	8415
28608	28608
28608	28606
28608	28605
28608	28604
28608	14464
28606	28605
28606	28604
28606	14464
28605	14464
28675	28675
28675	28674
28675	19147
28674	19147
28680	28680
28680	28679
28680	28678
28679	28678
28686	28690
28685	28690
28689	28687
28688	28687
28686	28686
28686	28685
28686	28689
28686	28688
28686	19544
28685	28689
28685	28688
28685	19544
28689	28686
28689	28685
28689	28689
28689	28688
28689	19544
28688	28686
28688	28685
28688	19544
11541	28718
28710	28710
28710	28709
28710	28708
28710	11541
28709	28708
28709	11541
28708	11541
28730	28730
28730	17165
28765	28765
28765	28764
28765	11489
28764	11489
28768	28768
28768	28767
28768	1992
28767	1992
169	28775
28844	28843
28844	27270
28843	27270
28937	28937
28937	28936
21372	28947
28951	28951
28951	24509
28951	12563
24509	12563
28970	28970
28970	28969
28970	28968
28970	28967
28970	28966
28970	8344
28969	28968
28969	28967
28969	28966
28969	8344
28968	28967
28968	28966
28968	8344
28967	8344
28996	28996
28996	28995
28996	28994
28996	28993
28996	28992
28995	28994
28995	28993
28995	28992
28994	28993
28994	28992
29006	32046
29007	14214
29007	29006
14214	29006
29006	14214
29006	29006
29048	29050
29045	29050
29047	29049
29045	29049
29047	29047
29047	29048
29047	29046
29047	16350
29047	29045
29048	29047
29048	29048
29048	29046
29048	16350
29048	29045
29046	29045
29045	29048
29045	29045
29052	29052
29052	29051
29052	16361
29051	16361
29089	29089
29089	29088
29089	29087
29089	22096
29088	29087
29088	22096
29087	22096
29197	29197
29197	14991
29197	1449
14991	14991
14991	1449
1449	14991
1449	1449
29201	29201
29201	29200
29201	29149
29200	29149
29204	29204
29204	29203
29204	20295
29203	20295
29217	29217
29217	29216
29217	24531
29216	24531
29220	29220
29220	28568
29220	28567
29220	28566
29220	24089
29220	28565
28568	28567
28568	28566
28568	24089
28568	28565
28567	29220
28567	28566
28567	24089
28567	28565
28566	29220
28566	24089
28566	28565
24089	29220
29277	29277
29277	29276
29277	29275
29276	29275
29283	29283
29283	29282
29283	29281
29283	24933
29283	24932
29283	24931
29282	29281
29282	24933
29282	24932
29282	24931
29281	24933
29281	24932
29281	24931
29286	29286
29286	29285
29289	29288
29293	29293
29293	29292
29293	25006
29292	25006
29303	29303
29303	29302
29303	24964
29302	24964
29314	29314
29314	29313
29314	29312
29314	29311
29314	29310
29314	29309
29314	24863
29313	29312
29313	29311
29313	29310
29313	29309
29313	24863
29312	29311
29312	29310
29312	29309
29312	24863
29311	29309
29311	24863
29310	24863
29334	29334
29334	29333
29334	29332
29333	29332
29336	29351
29336	29330
29336	19068
29348	29348
29348	29347
29348	29346
29348	29345
29348	29344
29347	29346
29347	29345
29347	29344
29346	29345
29346	29344
29355	29357
29325	29357
29355	29355
29355	29325
29355	19033
29355	19031
29355	29320
29355	14291
29325	19033
29325	19031
29325	29320
29325	14291
29320	14291
14291	29355
14291	29325
14291	14291
29374	29374
29374	29373
29374	29372
29374	29371
29374	21140
29373	29372
29373	29371
29373	21140
29372	29371
29372	21140
29384	29384
29384	18349
29384	18208
18349	18208
29406	29406
29406	6062
29406	23087
6062	6062
23087	6062
29414	29414
29414	29413
29414	29412
29414	18301
29413	29412
29413	18301
29412	18301
29419	12843
29419	12485
29419	12408
29419	5808
12843	12485
12843	12408
12843	5808
12485	5808
29472	29472
29472	12431
29481	29481
29481	29480
29481	15184
29480	15184
29513	29513
29513	29512
29557	29557
29557	29556
29706	29709
10123	29709
29706	12508
29706	10123
29708	29706
29708	29708
29708	29707
29708	12508
29708	10123
29707	29706
29707	12508
29707	10123
12508	10123
10123	29706
10123	29708
10123	29707
10123	12508
10123	10123
29711	29711
29711	29710
29711	12506
29710	12506
29723	29723
29723	29722
29723	12684
29722	12684
29732	29732
29732	29731
29732	29730
29732	12397
29731	29730
29731	12397
29730	12397
29735	29739
29734	29739
29738	29736
29737	29736
29735	29735
29735	29734
29735	29738
29735	29737
29735	1818
29734	29738
29734	29737
29734	1818
29738	29735
29738	29734
29738	29738
29738	29737
29738	1818
29737	29735
29737	29734
29737	1818
29791	29791
29791	29790
29791	29789
29791	12171
29790	29789
29790	12171
29789	12171
29826	29828
29825	29828
29826	29826
29826	29825
29826	29824
29826	29821
29826	26144
29826	26118
29825	29825
29825	29824
29825	29821
29825	26144
29825	26118
29824	26144
29824	26118
29833	29833
29833	29832
29833	29831
29833	29830
29833	21891
29832	29831
29832	29830
29832	21891
29831	29830
29831	21891
29855	29855
29855	29854
29855	29853
29855	29852
29855	29851
29854	29853
29854	29852
29854	29851
29853	29852
29853	29851
29852	29851
29861	29861
29861	29860
29861	21733
29860	21733
29931	29931
29931	29930
29931	29929
29931	15308
29931	15228
29930	29929
29930	15308
29930	15228
29929	15308
29929	15228
15308	15228
15308	30161
29941	29941
29941	29097
29097	29097
29987	29987
29987	29986
29987	22496
29986	22496
30089	30089
30089	30088
30089	30087
30088	30087
30445	30445
30445	30444
30445	30443
30444	30443
30643	30643
30643	30642
27490	31162
27488	31162
31161	31161
31161	31160
31161	27491
31161	27490
31161	27489
31161	27488
31161	27487
31160	31160
31160	27491
31160	27490
31160	27489
31160	27488
31160	27487
27491	27490
27491	27489
27491	27488
27491	27487
27490	27489
27490	27488
27490	27487
31211	31211
31211	31210
31210	31210
31220	31220
31220	31219
31220	31218
31220	8394
31219	31218
31219	8394
31218	8394
31272	31278
31270	31278
31269	31278
31277	31273
31276	31273
31275	31273
31272	31272
31272	31271
31272	31270
31272	31269
31272	31277
31272	31276
31272	31275
31270	31269
31270	31277
31270	31276
31270	31275
31269	31277
31269	31275
31277	31272
31277	31271
31277	31270
31277	31269
31277	31277
31277	31276
31277	31275
31276	31272
31276	31271
31276	31270
31276	31269
31276	31276
31276	31275
31275	31272
31275	31270
31275	31269
31295	31295
31295	31294
31295	31293
31295	31292
31295	31291
31294	31293
31294	31292
31294	31291
31293	31292
31293	31291
31311	31313
31312	31312
31312	28723
31312	31311
28723	31311
31311	28723
31311	31311
9088	31317
8155	31316
31315	31314
31315	9088
31315	8155
31314	9088
31314	8155
9088	9088
9088	8155
31318	31318
31318	14947
14947	14947
31346	31346
31346	31345
31346	5564
31345	5564
31411	31411
31411	31410
31411	31409
31411	31407
31411	8311
31410	31409
31410	31407
31410	8311
31409	31407
31409	8311
31417	31423
31422	31422
31422	31421
31422	31419
31422	31418
31422	31417
31422	31416
31422	31415
31422	15188
31421	31421
31421	31419
31421	31418
31421	31417
31421	31416
31421	31415
31421	15188
31419	31417
31419	31416
31419	31415
31419	15188
31418	31416
31418	31415
31418	15188
31417	31422
31417	31416
31417	31415
31417	15188
31432	31432
31432	31431
31432	22483
31431	22483
31435	31435
31435	22567
31435	22486
22567	22567
22567	22486
31463	31463
31463	31467
31463	31466
31463	31465
31463	11657
31467	31463
31467	31467
31467	31466
31467	31465
31467	11657
31466	31463
31466	31466
31466	31465
31466	11657
31465	31463
31465	11657
31471	31470
31471	31469
31471	10859
31470	31469
31470	10859
31469	10859
10859	10859
31479	31478
31462	31478
30385	31478
31477	31477
31477	31479
31477	31476
31477	31475
31477	31461
31477	31462
31477	30385
31479	31477
31479	31479
31479	31476
31479	31475
31479	31461
31479	31462
31479	30385
31476	31479
31476	31475
31476	31461
31476	31462
31476	30385
31475	30385
31461	30385
31462	31477
31462	31479
31462	31462
31462	30385
30385	31477
30385	31479
30385	31476
30385	31475
30385	30385
31489	31489
31489	29988
29988	29988
31513	31513
31513	31512
31513	15364
31512	15364
31517	31517
31517	31516
31517	22515
31516	22515
31520	31526
31519	31526
31525	31525
31525	31524
31525	31523
31525	31521
31525	31520
31525	31519
31525	22491
31524	31523
31524	31521
31524	31520
31524	31519
31524	22491
31523	31521
31523	31520
31523	31519
31523	22491
31521	22491
31520	31525
31520	31524
31520	31519
31520	22491
31519	31525
31519	31524
31519	22491
31532	31532
31532	31531
31532	31530
31532	29942
31531	31530
31531	29942
31530	29942
31546	31546
31546	31545
31546	30839
31545	30839
31557	31557
31557	29005
31568	31568
31568	31565
31565	31565
31570	31570
31570	31569
31570	31567
31570	31566
31570	15426
31569	31569
31569	31567
31569	31566
31569	15426
31567	31566
31567	15426
31573	31573
31573	31572
31573	4966
31572	4966
31575	31575
31575	30649
30649	30649
31580	31580
31580	16211
16211	16211
31812	31824
31811	31824
31809	31824
27822	31824
31812	31823
31812	31810
31812	31811
31812	31809
31812	27822
31823	31812
31823	31823
31823	31822
31823	31821
31823	31820
31823	31810
31823	31811
31823	31809
31823	27822
31822	31812
31822	31822
31822	31821
31822	31820
31822	31810
31822	31811
31822	31809
31822	27822
31821	31812
31821	31820
31821	31810
31821	31811
31821	31809
31821	27822
31820	31812
31820	31811
31820	31809
31820	27822
31811	31823
31811	31822
31811	31809
31811	27822
31809	31823
31809	31822
31809	31821
31809	31820
31809	27822
27822	31823
27822	31822
27822	31821
27822	31811
27822	31809
27822	27822
31935	31935
31935	31934
31935	18881
31934	18881
31969	31973
31971	31969
31971	27863
31969	27863
31993	31993
31993	31992
31993	27893
31992	27893
5515	32000
31999	31998
31999	31997
31999	31996
31999	5515
31999	5514
31998	31997
31998	31996
31998	5515
31998	5514
31997	5515
31997	5514
31996	5514
5515	5514
32003	32003
32003	32002
32003	27867
32002	27867
32029	32029
32029	11458
11458	11458
32051	32051
32051	32050
32051	5045
32050	5045
5045	5045
32058	32058
32058	32057
32058	9267
32057	9267
32074	32074
32074	32073
32074	32072
32074	23614
32073	32072
32073	23614
32072	23614
23614	32074
23614	32072
23614	23614
23679	32079
23678	32079
32078	32078
32078	32077
32078	23676
32078	23679
32078	23678
32077	23676
32077	23679
32077	23678
23679	32078
23679	32077
23679	23676
23679	23679
23679	23678
23678	32078
23678	32077
23678	23676
23678	23678
32091	32091
32091	32090
32091	32089
32091	23639
32090	32089
32090	23639
32089	23639
32103	32103
32103	32102
32103	13816
32102	13816
32106	32106
32106	7881
7881	7881
32111	32111
32111	32110
32111	32109
32111	10295
32110	32109
32110	10295
32109	10295
32118	32118
32118	32117
32118	32116
32118	12017
32117	32116
32117	12017
32116	12017
32127	32127
32127	32126
32127	32125
32127	27806
32126	32125
32126	27806
32125	27806
32278	32278
32278	24227
24227	24227
32293	32297
32296	32296
32296	32294
32296	10678
32296	32293
32294	10678
32294	32293
10678	32293
32293	32296
32293	10678
32299	32301
32298	32301
10739	32301
10739	32300
32299	32299
32299	32298
32299	32291
32299	32289
32299	32288
32299	32287
32299	10739
32298	32291
32298	32289
32298	32288
32298	32287
32298	10739
32291	32298
32291	32289
32291	32288
32291	32287
32291	10739
32289	10739
10739	32299
10739	32298
32326	32335
32327	32335
32326	32326
32326	32334
32326	32333
32326	14103
32334	32326
32334	32334
32334	32333
32334	14103
32334	32327
32333	32326
32333	14103
32333	32327
32327	32326
32327	32334
32327	32333
32327	32327
32332	32332
32332	32331
32332	32330
32332	32328
32331	32330
32331	32328
32330	32328
32328	32328
32328	32385
32339	32339
32339	14078
14078	14078
32357	32357
32357	32356
32357	14063
32356	14063
32360	32360
32360	32359
32360	14278
32359	14278
32397	32397
32397	32396
32397	14425
32396	14425
32417	32417
32417	32416
32431	32431
32431	32430
32431	19651
32430	19651
19651	19651
32436	32436
32436	32435
32436	24174
32435	24174
32486	32486
32486	32485
32486	29856
32485	29856
29856	29856
32520	32520
32520	32519
32520	32518
32520	32517
32520	32516
32520	32515
32519	32518
32519	32517
32519	32516
32519	32515
32518	32517
32518	32516
32518	32515
32517	32515
32610	32622
32607	32622
32630	32630
32630	32629
32630	2185
32629	2185
32633	32633
32633	2129
2129	2129
32656	32656
32656	32655
32656	24569
32655	24569
32659	32662
32658	32662
32661	32660
32661	26723
32661	32659
32661	32658
32660	26723
32660	32659
32660	32658
26723	32659
26723	32658
32659	32661
32659	26723
32659	32659
32659	32658
32658	32661
32658	26723
32717	32717
32717	32716
32717	14822
32716	14822
32726	32726
32726	32678
32726	14989
32726	14847
32726	14926
32726	14925
32726	14924
32726	14809
32726	32677
32678	32678
32678	14989
32678	14847
32678	14926
32678	14925
32678	14924
32678	14809
32678	32677
14989	14924
14989	14809
14847	14925
14847	32677
14926	32726
14926	32678
14926	14926
14926	14925
14926	14924
14926	14809
14926	32677
14925	32726
14925	32678
14925	14989
14925	14847
14925	14925
14925	14924
14925	14809
14925	32677
14924	32726
14924	32678
14924	14989
14924	14847
14924	14809
14924	32677
14809	32726
14809	14847
32677	32726
32677	14989
32677	14847
32677	14926
32677	14925
32677	14924
32677	14809
32677	32677
32732	32732
32732	32731
32732	32730
32732	14813
32731	32730
32731	14813
32730	14813
32753	32752
32753	9919
32752	9919
32785	32790
32789	32789
32789	32788
32789	32785
32789	32784
32789	9929
32788	32785
32788	32784
32788	9929
32785	32789
32785	32788
32785	32784
32785	9929
32802	32802
32802	32801
32802	9925
32801	9925
32811	32811
32811	32810
32811	9935
32810	9935
32821	32821
32821	32820
32821	32819
32821	32817
32821	32816
32821	32815
32821	16983
32820	32819
32820	32817
32820	32816
32820	32815
32820	16983
32819	32817
32819	32816
32819	32815
32819	16983
32817	32816
32817	32815
32817	16983
32816	16983
32815	32821
32815	32820
32815	32819
32815	32815
32815	16983
16983	32821
16983	32820
16983	32819
16983	16983
16937	32824
16895	32824
32823	32823
32823	16933
32823	16937
32823	16922
32823	16895
16933	16933
16933	16937
16933	16922
16933	16895
16937	32823
16937	16933
16937	16937
16937	16922
16937	16895
16895	32823
16895	16933
32826	32830
16971	32830
32829	32829
32829	32828
32829	32826
32829	16971
32829	16896
32828	32826
32828	16971
32828	16896
32826	32829
32826	32828
32826	32826
32826	16971
32826	16896
16971	32829
16971	32828
16971	16971
16971	16896
32832	32832
32832	32831
32832	16949
32831	16949
16949	16949
11040	32859
32858	32858
32858	32857
32858	32856
32858	15949
32858	11040
32857	32856
32857	15949
32857	11040
32856	15949
32856	11040
15949	15949
15949	11040
11040	32858
11040	32857
11040	32856
11040	15949
11040	11040
32864	32864
32864	32863
32864	17018
32863	17018
32866	32866
32866	21009
21009	21009
32871	32874
8323	32874
32871	32871
32871	32870
32871	32868
32871	8323
32872	32871
32872	32872
32872	32870
32872	32868
32872	8323
32870	32868
32870	8323
32868	8323
8323	32871
8323	32872
8323	32870
8323	8323
32889	32889
32889	32888
32889	24407
32889	24298
32889	11229
32889	11217
32889	11191
32889	11218
32889	4170
32888	32888
32888	24407
32888	24298
32888	11229
32888	11217
32888	11191
32888	11218
32888	4170
24407	32889
24407	32888
24407	24407
24407	24298
24407	11229
24407	11217
24407	11191
24407	11218
24407	4170
24298	32889
24298	32888
24298	24298
24298	11229
24298	11217
24298	11191
24298	11218
24298	4170
11229	32889
11229	32888
11229	11229
11229	11217
11229	11191
11229	11218
11229	4170
11217	32889
11217	32888
11217	11191
11217	4170
11191	4170
11218	32889
11218	32888
11218	24407
11218	24298
11218	11217
11218	11191
11218	11218
11218	4170
4170	32889
4170	32888
4170	24407
4170	24298
4170	11229
4170	4170
32893	32893
32893	32892
32893	24283
32892	24283
24283	24283
32909	32909
32909	32908
32909	26637
32908	26637
32912	32912
32912	32911
32912	24371
32911	24371
32917	32917
32917	32915
32917	32903
32915	32903
32920	32920
32920	32919
32920	11163
32919	11163
32948	32948
32948	32947
32948	32946
32948	32945
32948	4948
32947	32946
32947	32945
32947	4948
32946	32945
32946	4948
32971	32971
32971	32970
32971	23514
32970	23514
23514	23514
32974	32974
32974	32973
32974	11741
32973	11741
33035	33035
33035	33034
33035	7031
33034	7031
7031	7031
33039	33039
33039	33042
33039	33041
33039	33037
33039	33038
33039	26508
33042	33039
33042	33042
33042	33041
33042	33037
33042	33038
33042	26508
33041	33039
33041	33037
33041	33038
33041	26508
33038	33042
33038	33041
33038	33037
33038	33038
33038	26508
26508	33042
26508	33041
4635	33047
22808	33047
33046	33046
33046	22809
33046	10074
33046	4635
33046	22808
22809	22809
22809	10074
22809	4635
22809	22808
10074	4635
4635	33046
4635	10074
4635	4635
4635	22808
22808	33046
22808	10074
22808	4635
22808	22808
10047	33057
33056	33056
33056	33055
33056	33019
33056	10047
33055	33019
33055	10047
33019	10047
10047	33056
10047	33055
10047	10047
17261	33103
33102	33102
33102	17262
33102	17261
17261	33102
33111	33111
33111	33110
33111	33108
33111	17347
33110	33108
33110	17347
33108	17347
33120	33123
33119	33123
33118	33123
33122	33122
33122	33121
33122	24473
33122	33120
33122	33119
33122	33118
33122	17394
33121	24473
33121	33120
33121	33119
33121	33118
33121	17394
24473	33120
24473	33119
24473	33118
24473	17394
33120	24473
33120	33119
33120	33118
33120	17394
33119	24473
33119	33118
33119	17394
33118	24473
33140	33140
33140	33139
33140	13261
33139	13261
33145	33145
33145	33144
33145	33143
33145	33142
33145	32064
33144	33143
33144	33142
33144	32064
33143	33142
33143	32064
33161	33161
33161	33160
33161	13312
33160	13312
33173	33173
33173	33172
33173	26250
33172	26250
33176	33176
33176	33175
33176	5849
33175	5849
33200	33200
33200	33199
33199	33199
33223	33227
31495	33227
31494	33227
33239	33239
33239	33238
33239	21810
33238	21810
21810	33239
21810	21810
21562	33244
33242	33242
33242	33241
33242	21562
33241	21562
21562	21562
33256	33256
33256	33255
33256	21772
33255	21772
33290	33294
31506	33294
33293	33291
33292	33291
33290	33290
33290	31506
33290	33293
33290	33292
33290	33289
31506	31506
31506	33293
31506	33292
33293	33290
33293	31506
33293	33293
33293	33292
33293	33289
33292	33290
33292	31506
33292	33289
33289	31506
33298	33298
33298	33297
33298	33296
33298	21794
33297	33296
33297	21794
33296	21794
33303	33303
33303	33302
33303	33301
33303	31468
33302	33301
33302	31468
33301	31468
31468	31468
33336	33336
33336	33335
33336	33334
33336	33333
33336	33332
33335	33334
33335	33333
33335	33332
33334	33333
33334	33332
33341	33341
33341	33340
33341	33310
33340	33310
33343	33343
33343	21640
21640	21640
33345	33345
33345	21618
21618	21618
33350	33350
33350	33349
33350	33348
33349	33348
33353	33353
33353	31158
31158	31158
33359	33359
33359	33358
33359	4906
33358	4906
33372	33371
33372	33370
33372	33369
33372	32013
33371	33370
33371	33369
33371	32013
33370	32013
33376	33376
33376	33375
33376	28182
33375	28182
28182	28182
28182	33377
33379	33379
33379	33378
33379	26995
33378	26995
33423	33423
33423	33422
33423	33382
33422	33382
33382	33382
33427	33427
33427	33426
33427	33425
33427	21160
33426	33425
33426	21160
33425	21160
33431	33431
33431	33430
33431	9670
33430	9670
5012	33450
33449	33449
33449	33448
33449	33447
33449	13243
33449	5012
33448	33447
33448	13243
33448	5012
33447	13243
33447	5012
5012	33449
5012	33448
5012	33447
5012	13243
5012	5012
33455	33455
33455	33454
33455	14648
33454	14648
33460	33460
33460	33459
33460	33458
33460	33457
33460	14674
33459	33458
33459	33457
33459	14674
33458	33457
33458	14674
27388	33465
33464	33464
33464	33463
33464	27414
33464	27393
33464	27388
33463	27414
33463	27393
33463	27388
27414	33464
27414	27414
27414	27393
27414	27388
27393	27388
27388	33464
27388	33463
27388	27414
27388	27388
33476	33480
33475	33480
33479	33479
33479	33478
33479	33476
33479	33475
33479	6182
33478	33476
33478	33475
33478	6182
33476	33479
33476	33478
33476	33476
33476	33475
33476	6182
33475	33479
33475	33478
33475	6182
33482	33482
33482	33481
33482	9771
33481	9771
33487	33487
33487	33486
33487	33485
33487	6317
33487	6316
33486	33485
33486	6317
33486	6316
33485	6317
33485	6316
6317	6316
33502	33502
33502	33501
33502	33500
33502	33496
33502	33498
33502	33497
33502	33495
33502	33494
33502	33493
33502	33492
33502	33491
33502	33489
33502	33490
33502	6515
33501	33500
33501	33496
33501	33498
33501	33497
33501	33495
33501	33494
33501	33493
33501	33492
33501	33491
33501	33489
33501	33490
33501	6515
33500	33496
33500	33498
33500	33497
33500	33495
33500	33494
33500	33493
33500	33492
33500	33491
33500	33489
33500	33490
33500	6515
33496	33491
33496	33489
33496	33490
33496	6515
33498	33502
33498	33501
33498	33500
33498	33496
33498	33498
33498	33497
33498	33495
33498	33494
33498	33493
33498	33492
33498	33491
33498	33489
33498	33490
33498	6515
33497	33502
33497	33501
33497	33500
33497	33496
33497	33495
33497	33494
33497	33493
33497	33492
33497	33491
33497	33489
33497	33490
33497	6515
33495	33502
33495	33501
33495	33500
33495	33494
33495	33493
33495	33492
33495	33491
33495	33489
33495	33490
33495	6515
33494	33502
33494	33501
33494	33500
33494	33493
33494	33491
33494	33489
33494	33490
33494	6515
33493	33502
33493	33501
33493	33500
33493	33496
33493	33497
33493	33495
33493	33493
33493	33492
33493	33491
33493	33489
33493	33490
33493	6515
33492	33502
33492	33501
33492	33500
33492	33496
33492	33497
33492	33495
33492	33492
33492	33491
33492	33489
33492	33490
33492	6515
33491	33502
33491	33501
33491	33500
33489	33502
33489	33501
33489	33500
33490	33502
33490	33501
33490	33500
6515	33502
6515	33501
6515	33500
6515	33498
6515	33497
6515	33495
6515	33494
6515	33493
6515	6515
33506	33506
33506	33505
33506	23090
33505	23090
4416	33520
33530	33530
33530	33529
33530	33528
33530	21012
33529	33528
33529	21012
33528	21012
33553	33553
33553	33552
33553	13489
33552	13489
33555	33555
33555	13443
13443	13443
33560	33560
33560	33559
33560	23718
33559	23718
23718	23718
33634	33634
33634	14539
14539	14539
33671	33671
33671	33658
33671	18761
33671	33657
33671	33656
33671	18707
33658	18761
33658	33657
33658	33656
33658	18707
18761	33657
18761	33656
18761	18707
33657	33671
33657	18761
33657	33657
33657	33656
33657	18707
33656	33671
33656	18761
33656	18707
18707	33671
18707	18761
33683	33683
33683	33682
33683	20834
33682	20834
20834	20834
33690	33690
33690	33689
33690	33688
33690	23918
33689	33688
33689	23918
33688	23918
