96	283
107	2885
107	58
140	343
137	343
93	343
243	343
167	343
216	343
32	343
28	343
17	343
478	478
478	349
478	405
349	349
349	405
405	349
405	405
526	1643
576	635
659	658
659	643
659	640
659	635
658	643
658	640
658	635
643	643
643	640
643	635
640	640
640	635
635	635
665	681
632	681
675	675
675	670
675	661
675	665
675	662
675	650
675	647
675	600
675	632
675	627
675	615
675	583
675	599
675	595
675	577
675	582
675	578
670	670
670	661
670	665
670	662
670	650
670	647
670	600
670	632
670	627
670	615
670	583
670	599
670	595
670	577
670	582
670	578
661	661
661	650
661	647
661	600
661	632
661	627
661	615
661	583
661	599
661	595
661	577
661	582
661	578
665	661
665	665
665	662
665	650
665	647
665	600
665	632
665	627
665	615
665	583
665	599
665	595
665	577
665	582
665	578
662	661
662	662
662	650
662	647
662	600
662	632
662	627
662	615
662	583
662	599
662	595
662	577
662	582
662	578
650	675
650	647
650	600
650	632
650	627
650	615
650	583
650	599
650	595
650	577
650	582
650	578
647	661
647	647
647	600
647	632
647	627
647	615
647	583
647	599
647	595
647	577
647	582
647	578
600	647
600	583
600	599
600	595
600	577
600	582
600	578
632	600
632	627
632	615
632	583
632	599
632	595
632	577
632	582
632	578
627	600
627	615
627	583
627	599
627	595
627	577
627	582
627	578
615	650
615	600
615	583
615	599
615	595
615	577
615	582
615	578
583	582
583	578
599	583
599	577
599	582
599	578
595	665
595	647
595	632
595	583
595	599
595	577
595	582
595	578
577	665
582	665
582	647
582	577
578	577
686	873
686	885
686	874
686	872
686	859
686	877
686	869
686	861
686	886
686	888
686	878
686	882
686	876
686	863
686	884
686	864
742	839
788	839
802	839
796	839
791	839
816	839
699	839
736	839
707	839
808	832
808	808
808	790
808	720
790	808
790	790
790	720
720	720
852	852
852	798
852	717
798	798
798	717
717	717
857	895
879	895
857	857
857	879
857	881
857	858
857	870
857	866
879	857
879	879
879	858
879	870
879	866
879	871
881	857
881	879
881	881
881	858
881	870
881	866
881	871
858	857
858	879
858	858
858	866
870	857
870	858
870	870
870	866
866	857
866	858
866	870
866	866
866	871
871	857
871	858
871	870
871	866
871	871
916	1723
916	1391
916	1126
921	1211
925	1780
925	1278
925	1532
925	1391
927	1643
966	1391
978	1528
978	1211
980	1532
980	1391
985	985
985	1244
1244	985
1244	1244
1244	1090
1090	985
1090	1090
993	1528
995	1359
999	1391
999	1632
1003	1211
1003	1199
1004	1126
1028	1367
1201	1813
1029	1388
1180	1359
1029	1331
1086	1723
1086	1532
1123	1431
1123	1126
1128	1126
1130	1431
1130	1126
1140	1885
1658	1885
1492	1885
1194	1885
1046	1885
1343	1885
1334	1885
1146	1609
1146	1211
1146	1126
1149	1532
1794	1531
1154	1910
1156	1126
1165	1838
923	1838
1087	1369
929	1369
1181	1126
1185	1126
1191	1391
1191	1126
1200	1253
1200	1200
1200	1071
1202	1200
1202	1202
1202	1071
1071	1200
1071	1071
1214	1528
1230	1280
1265	1643
1272	1809
1289	1532
1293	1532
1331	1723
1331	1532
1335	1532
1340	1367
1341	1532
1346	1722
1571	1537
1280	1620
1388	1488
1359	1598
1359	1849
1359	1809
1359	1723
1388	1723
1359	1359
1359	1280
1388	1359
1388	1388
1388	1280
1399	1723
1411	1411
1411	1283
1283	1283
1520	1411
1520	1283
1520	1520
1296	1830
1010	1830
1391	1620
1126	1620
1391	1619
1211	1619
1211	1614
1391	1605
1211	1605
1431	1563
1391	1563
1211	1539
1391	1538
1126	1538
1126	1530
1431	1723
1431	1402
1391	1723
1211	1809
1211	1723
1211	1402
1126	1723
1391	1480
1211	1782
1431	1431
1431	1391
1431	1211
1431	1199
1431	1126
1391	1391
1391	1211
1391	1199
1391	1126
1211	1211
1211	1199
1211	1126
1199	1199
1199	1126
1126	1126
1126	1750
1211	1675
1467	1609
1523	1367
1534	2677
1367	1700
1632	1632
1632	1532
1632	1367
1532	1367
1367	1532
1367	1367
1643	1811
1643	1643
1643	1609
1643	1528
1609	1609
1609	1528
1528	1643
1528	1528
1643	1782
1499	1895
1384	1895
1368	1895
1111	1895
1197	1895
909	1895
1045	1895
1043	1895
1030	1895
955	1895
1403	1895
1218	1895
1138	1895
1177	1895
956	1895
1016	1895
979	1895
1607	1895
1057	1895
1053	1895
1363	1895
1674	1911
1590	1911
1684	1666
1684	1450
1684	1656
1684	1505
1684	990
1718	2385
1718	2128
1718	2002
1718	1941
1718	1981
1718	1970
1758	2693
1723	1900
1402	1813
1809	1809
1809	1723
1809	1402
1723	1723
1723	1402
1402	1723
1402	1402
1912	1465
1916	2072
1916	1981
1916	2385
1916	1941
1925	2631
1925	2591
1925	2606
1925	2532
1925	2386
1925	2433
1925	2469
1925	2428
1925	2086
1925	2063
1925	2077
1925	2115
1925	2040
1925	2020
1925	2059
1925	1962
1925	1938
1925	1943
1925	1917
1925	2060
1926	2512
1926	2294
1926	2385
1926	2128
1926	2003
1926	1981
1953	2654
1953	2615
1953	2630
1953	2619
1953	2591
1953	2606
1953	2561
1953	2532
1953	2552
1953	2554
1953	2549
1953	2433
1953	2469
1953	2376
1953	2083
1953	2069
1953	2109
1953	2098
1953	2030
1953	1984
1953	1938
1953	1946
1953	1943
1953	1917
1953	1966
1953	1989
1953	2306
1959	1947
1986	2646
1986	1986
1986	1997
2112	1986
2112	2112
2112	1997
1997	1986
1997	1997
1986	2543
2112	2084
2046	2165
2210	2499
2060	2213
2060	2543
2060	2655
1970	2304
1970	2101
2072	2072
2072	2003
2072	1981
2072	1970
2072	1947
2003	2003
2003	1981
2003	1970
2003	1947
1981	1981
1981	1970
1981	1947
1970	1970
1970	1947
1947	1947
2189	2136
2205	2205
2205	2514
2205	2066
2205	2031
2205	1923
2514	2205
2514	2514
2514	2066
2514	2031
2514	1923
2066	2205
2066	2066
2066	2031
2066	1923
2031	2031
2031	1923
1923	2514
1923	2066
1923	1923
2205	2517
1923	2517
2208	2223
2065	2223
2208	2208
2208	2065
2208	2057
2208	2042
2208	1465
2065	2065
2065	2057
2065	2042
2065	1465
2057	2057
2057	2042
2057	1465
2042	2208
2042	2065
2042	2042
2042	1465
1465	2208
1465	2057
1465	1465
2042	2530
2223	2128
2223	2002
2223	1941
2223	1954
2179	2646
2311	2311
2311	2258
2311	2179
2258	2258
2258	2179
2179	2258
2179	2179
2136	2584
2329	2655
2329	2646
2306	2613
2168	2437
2421	2421
2421	2168
2421	2106
2421	2204
2421	2034
2168	2168
2168	2106
2168	2204
2168	2034
2106	2106
2106	2204
2106	2034
2204	2168
2204	2106
2204	2204
2204	2034
2034	2168
2034	2106
1977	2651
2385	2649
2128	2649
2002	2649
2294	2543
2002	2543
1954	2543
2512	2512
2512	2463
2512	2294
2512	2289
2512	2385
2512	2128
2512	2002
2512	1941
2512	1954
2463	2463
2463	2294
2463	2289
2463	2385
2463	2128
2463	2002
2463	1941
2463	1954
2294	2294
2294	2289
2294	2385
2294	2128
2294	2002
2294	1941
2294	1954
2289	2289
2289	2385
2289	2128
2289	2002
2289	1941
2289	1954
2385	2512
2385	2463
2385	2294
2385	2289
2385	2385
2385	2128
2385	2002
2385	1941
2385	1954
2128	2289
2128	2385
2128	2128
2128	2002
2128	1941
2128	1954
2002	2289
2002	2385
1941	2512
1941	2463
1941	2294
1941	2289
1954	2512
1954	2385
2330	2650
2443	2650
2527	2650
2483	2650
2259	2650
2515	2515
2515	2207
2515	2255
2515	2426
2515	2401
2515	2170
2515	2330
2515	2466
2515	2513
2515	2490
2515	2486
2515	2444
2515	2349
2515	2320
2515	1992
2515	2076
2515	1988
2515	2443
2515	2527
2515	2483
2515	2259
2207	2401
2207	2170
2207	2330
2207	2490
2207	1992
2207	2076
2207	1988
2207	2443
2207	2527
2207	2483
2255	2515
2255	2207
2255	2255
2255	2426
2255	2401
2255	2170
2255	2330
2255	2622
2255	2513
2255	2490
2255	2444
2255	2349
2255	1992
2255	2076
2255	1988
2255	2443
2255	2527
2255	2483
2255	2259
2426	2515
2426	2207
2426	2255
2426	2401
2426	2170
2426	2330
2426	2466
2426	2349
2426	2320
2426	1992
2426	2076
2426	1988
2426	2443
2426	2527
2426	2483
2426	2259
2401	2207
2401	2255
2401	2401
2401	2170
2401	2330
2401	2490
2401	2349
2401	2320
2401	1992
2401	2076
2401	1988
2401	2443
2401	2527
2401	2483
2401	2259
2170	2515
2170	2330
2170	1992
2170	2076
2170	1988
2170	2443
2170	2527
2170	2483
2170	2259
2330	2515
2330	2207
2330	2255
2330	2426
2330	2401
2330	2170
2330	2330
2330	2466
2330	2622
2330	2513
2330	2490
2330	2486
2330	2444
2330	2349
2330	2320
2330	1992
2330	2076
2330	1988
2330	2443
2330	2527
2330	2483
2330	2259
2466	2515
2466	2207
2466	2255
2466	2426
2466	2401
2466	2170
2466	2330
2466	2466
2466	2622
2466	2513
2466	2490
2466	2486
2466	2444
2466	2349
2466	2320
2466	1992
2466	2076
2466	1988
2466	2443
2466	2527
2466	2483
2466	2259
2622	2515
2622	2207
2622	2255
2622	2426
2622	2401
2622	2170
2622	2330
2622	2466
2622	2622
2622	2513
2622	2490
2622	2486
2622	2444
2622	2349
2622	2320
2622	1992
2622	2076
2622	1988
2622	2443
2622	2527
2622	2483
2622	2259
2513	2515
2513	2207
2513	2255
2513	2426
2513	2401
2513	2170
2513	2330
2513	2466
2513	2513
2513	2490
2513	2486
2513	2444
2513	2349
2513	2320
2513	1992
2513	2076
2513	1988
2513	2443
2513	2527
2513	2483
2513	2259
2490	2207
2490	2255
2490	2426
2490	2401
2490	2170
2490	2330
2490	2466
2490	2490
2490	2486
2490	2444
2490	2349
2490	2320
2490	1992
2490	2076
2490	1988
2490	2443
2490	2527
2490	2483
2490	2259
2486	2207
2486	2255
2486	2426
2486	2401
2486	2170
2486	2330
2486	2466
2486	2486
2486	2444
2486	2349
2486	2320
2486	1992
2486	2076
2486	1988
2486	2443
2486	2527
2486	2483
2486	2259
2444	2207
2444	2255
2444	2426
2444	2401
2444	2170
2444	2330
2444	2466
2444	2349
2444	2320
2444	1992
2444	2076
2444	1988
2444	2443
2444	2527
2444	2483
2444	2259
2349	2207
2349	2255
2349	2170
2349	2330
2349	2320
2349	1992
2349	2076
2349	1988
2349	2443
2349	2527
2349	2483
2349	2259
2320	2207
2320	2255
2320	2170
2320	2330
2320	2466
2320	2513
2320	1992
2320	2076
2320	1988
2320	2443
2320	2527
2320	2483
2320	2259
1992	2515
1992	2330
1992	2490
1992	2076
1992	1988
1992	2443
1992	2527
1992	2483
1992	2259
2076	2330
2076	2490
2076	1992
2076	1988
2076	2443
2076	2527
2076	2483
2076	2259
1988	2255
1988	2330
1988	2527
1988	2483
2443	2515
2443	2207
2443	2255
2443	2426
2443	2401
2443	2170
2443	2330
2443	2466
2443	2513
2443	2486
2443	2444
2443	2349
2443	2320
2443	1992
2443	2076
2443	1988
2443	2443
2443	2483
2443	2259
2527	2515
2527	2207
2527	2255
2527	2426
2527	2401
2527	2170
2527	2330
2527	2466
2527	2622
2527	2513
2527	2490
2527	2486
2527	2444
2527	2349
2527	2320
2527	1992
2527	2076
2527	1988
2527	2443
2527	2527
2527	2483
2527	2259
2483	2515
2483	2207
2483	2255
2483	2426
2483	2401
2483	2170
2483	2330
2483	2466
2483	2622
2483	2513
2483	2490
2483	2486
2483	2444
2483	2349
2483	2320
2483	1992
2483	2076
2483	1988
2483	2443
2483	2483
2483	2259
2259	2515
2259	2207
2259	2255
2259	2426
2259	2170
2259	2330
2259	2466
2259	2622
2259	2513
2259	2486
2259	2444
2259	2349
2259	2320
2259	1992
2259	2076
2259	1988
2259	2527
2259	2483
2259	2259
2573	2655
2433	2655
2122	2655
2077	2655
2040	2655
2020	2655
2098	2655
2654	2654
2654	2631
2654	2638
2654	2625
2654	2624
2654	2615
2654	2630
2654	2619
2654	2611
2654	2607
2654	2591
2654	2606
2654	2573
2654	2561
2654	2532
2654	2552
2654	2554
2654	2549
2654	2386
2654	2433
2654	2469
2654	2485
2654	2423
2654	2395
2654	2369
2654	2428
2654	2381
2654	2376
2654	2083
2654	2122
2654	2086
2654	2063
2654	2077
2654	2069
2654	2115
2654	2109
2654	2040
2654	2020
2654	2098
2654	2078
2654	2073
2654	2030
2654	2059
2654	1984
2654	1993
2654	1979
2654	1962
2654	1938
2654	1946
2654	1943
2654	1917
2654	1966
2654	1983
2654	1985
2631	2654
2631	2631
2631	2638
2631	2625
2631	2624
2631	2615
2631	2630
2631	2619
2631	2611
2631	2607
2631	2591
2631	2606
2631	2573
2631	2561
2631	2532
2631	2552
2631	2554
2631	2549
2631	2386
2631	2433
2631	2469
2631	2485
2631	2423
2631	2395
2631	2369
2631	2428
2631	2381
2631	2376
2631	2083
2631	2122
2631	2086
2631	2063
2631	2077
2631	2069
2631	2115
2631	2109
2631	2040
2631	2020
2631	2098
2631	2078
2631	2073
2631	2030
2631	2059
2631	1984
2631	1993
2631	1979
2631	1962
2631	1938
2631	1946
2631	1943
2631	1917
2631	1966
2631	1983
2631	1985
2638	2631
2638	2638
2638	2625
2638	2624
2638	2615
2638	2630
2638	2619
2638	2611
2638	2607
2638	2591
2638	2606
2638	2573
2638	2561
2638	2532
2638	2552
2638	2554
2638	2549
2638	2386
2638	2433
2638	2469
2638	2485
2638	2423
2638	2395
2638	2369
2638	2428
2638	2381
2638	2376
2638	2083
2638	2122
2638	2086
2638	2063
2638	2077
2638	2069
2638	2115
2638	2109
2638	2040
2638	2020
2638	2098
2638	2078
2638	2073
2638	2030
2638	2059
2638	1984
2638	1993
2638	1979
2638	1962
2638	1938
2638	1946
2638	1943
2638	1917
2638	1966
2638	1983
2638	1985
2625	2625
2625	2624
2625	2615
2625	2619
2625	2611
2625	2607
2625	2591
2625	2606
2625	2573
2625	2561
2625	2532
2625	2552
2625	2554
2625	2549
2625	2386
2625	2433
2625	2469
2625	2485
2625	2423
2625	2395
2625	2369
2625	2428
2625	2381
2625	2376
2625	2083
2625	2122
2625	2086
2625	2063
2625	2077
2625	2069
2625	2115
2625	2109
2625	2040
2625	2020
2625	2098
2625	2078
2625	2073
2625	2030
2625	2059
2625	1984
2625	1993
2625	1979
2625	1962
2625	1938
2625	1946
2625	1943
2625	1917
2625	1966
2625	1983
2625	1985
2624	2624
2624	2615
2624	2619
2624	2611
2624	2607
2624	2591
2624	2606
2624	2573
2624	2561
2624	2532
2624	2552
2624	2554
2624	2549
2624	2386
2624	2433
2624	2469
2624	2485
2624	2423
2624	2395
2624	2369
2624	2428
2624	2381
2624	2376
2624	2083
2624	2122
2624	2086
2624	2063
2624	2077
2624	2069
2624	2115
2624	2109
2624	2040
2624	2020
2624	2098
2624	2078
2624	2073
2624	2030
2624	2059
2624	1984
2624	1993
2624	1979
2624	1962
2624	1938
2624	1946
2624	1943
2624	1917
2624	1966
2624	1983
2624	1985
2615	2615
2615	2611
2615	2607
2615	2591
2615	2606
2615	2573
2615	2561
2615	2532
2615	2552
2615	2554
2615	2549
2615	2386
2615	2433
2615	2469
2615	2485
2615	2423
2615	2395
2615	2369
2615	2428
2615	2381
2615	2376
2615	2083
2615	2122
2615	2086
2615	2063
2615	2077
2615	2069
2615	2115
2615	2109
2615	2040
2615	2020
2615	2098
2615	2078
2615	2073
2615	2030
2615	2059
2615	1984
2615	1993
2615	1979
2615	1962
2615	1938
2615	1946
2615	1943
2615	1917
2615	1966
2615	1983
2615	1985
2630	2625
2630	2624
2630	2615
2630	2630
2630	2619
2630	2611
2630	2607
2630	2591
2630	2606
2630	2573
2630	2561
2630	2532
2630	2552
2630	2554
2630	2549
2630	2386
2630	2433
2630	2469
2630	2485
2630	2423
2630	2395
2630	2369
2630	2428
2630	2381
2630	2376
2630	2083
2630	2122
2630	2086
2630	2063
2630	2077
2630	2069
2630	2115
2630	2109
2630	2040
2630	2020
2630	2098
2630	2078
2630	2073
2630	2030
2630	2059
2630	1984
2630	1993
2630	1979
2630	1962
2630	1938
2630	1946
2630	1943
2630	1917
2630	1966
2630	1983
2630	1985
2619	2615
2619	2619
2619	2611
2619	2607
2619	2591
2619	2606
2619	2573
2619	2561
2619	2532
2619	2552
2619	2554
2619	2549
2619	2386
2619	2433
2619	2469
2619	2485
2619	2423
2619	2395
2619	2369
2619	2428
2619	2381
2619	2376
2619	2083
2619	2122
2619	2086
2619	2063
2619	2077
2619	2069
2619	2115
2619	2109
2619	2040
2619	2020
2619	2098
2619	2078
2619	2073
2619	2030
2619	2059
2619	1984
2619	1993
2619	1979
2619	1962
2619	1938
2619	1946
2619	1943
2619	1917
2619	1966
2619	1983
2619	1985
2611	2611
2611	2607
2611	2591
2611	2606
2611	2573
2611	2561
2611	2532
2611	2552
2611	2554
2611	2549
2611	2386
2611	2433
2611	2469
2611	2485
2611	2423
2611	2395
2611	2369
2611	2428
2611	2381
2611	2376
2611	2083
2611	2122
2611	2086
2611	2063
2611	2077
2611	2069
2611	2115
2611	2109
2611	2040
2611	2020
2611	2098
2611	2078
2611	2073
2611	2030
2611	2059
2611	1984
2611	1993
2611	1979
2611	1962
2611	1938
2611	1946
2611	1943
2611	1917
2611	1966
2611	1983
2611	1985
2607	2607
2607	2591
2607	2606
2607	2573
2607	2561
2607	2532
2607	2552
2607	2554
2607	2549
2607	2386
2607	2433
2607	2469
2607	2485
2607	2423
2607	2395
2607	2369
2607	2428
2607	2381
2607	2376
2607	2083
2607	2122
2607	2086
2607	2063
2607	2077
2607	2069
2607	2115
2607	2109
2607	2040
2607	2020
2607	2098
2607	2078
2607	2073
2607	2030
2607	2059
2607	1984
2607	1993
2607	1979
2607	1962
2607	1938
2607	1946
2607	1943
2607	1917
2607	1966
2607	1983
2607	1985
2591	2654
2591	2631
2591	2625
2591	2630
2591	2611
2591	2591
2591	2606
2591	2573
2591	2561
2591	2532
2591	2552
2591	2554
2591	2549
2591	2386
2591	2433
2591	2469
2591	2485
2591	2423
2591	2395
2591	2369
2591	2428
2591	2381
2591	2376
2591	2083
2591	2122
2591	2086
2591	2063
2591	2077
2591	2069
2591	2115
2591	2109
2591	2040
2591	2020
2591	2098
2591	2078
2591	2073
2591	2030
2591	2059
2591	1984
2591	1993
2591	1979
2591	1962
2591	1938
2591	1946
2591	1943
2591	1917
2591	1966
2591	1983
2591	1985
2606	2654
2606	2631
2606	2630
2606	2591
2606	2606
2606	2573
2606	2561
2606	2532
2606	2552
2606	2554
2606	2549
2606	2386
2606	2433
2606	2469
2606	2485
2606	2423
2606	2395
2606	2369
2606	2428
2606	2381
2606	2376
2606	2083
2606	2122
2606	2086
2606	2063
2606	2077
2606	2069
2606	2115
2606	2109
2606	2040
2606	2020
2606	2098
2606	2078
2606	2073
2606	2030
2606	2059
2606	1984
2606	1993
2606	1979
2606	1962
2606	1938
2606	1946
2606	1943
2606	1917
2606	1966
2606	1983
2606	1985
2573	2654
2573	2591
2573	2606
2573	2573
2573	2561
2573	2532
2573	2552
2573	2554
2573	2549
2573	2386
2573	2433
2573	2469
2573	2485
2573	2423
2573	2395
2573	2369
2573	2428
2573	2381
2573	2376
2573	2083
2573	2122
2573	2086
2573	2063
2573	2077
2573	2069
2573	2115
2573	2109
2573	2040
2573	2020
2573	2098
2573	2078
2573	2073
2573	2030
2573	2059
2573	1984
2573	1993
2573	1979
2573	1962
2573	1938
2573	1946
2573	1943
2573	1917
2573	1966
2573	1983
2573	1985
2561	2631
2561	2606
2561	2561
2561	2532
2561	2552
2561	2554
2561	2549
2561	2386
2561	2433
2561	2469
2561	2485
2561	2423
2561	2395
2561	2369
2561	2428
2561	2381
2561	2376
2561	2083
2561	2122
2561	2086
2561	2063
2561	2077
2561	2069
2561	2115
2561	2109
2561	2040
2561	2020
2561	2098
2561	2078
2561	2073
2561	2030
2561	2059
2561	1984
2561	1993
2561	1979
2561	1962
2561	1938
2561	1946
2561	1943
2561	1917
2561	1966
2561	1983
2561	1985
2532	2631
2532	2638
2532	2619
2532	2611
2532	2606
2532	2573
2532	2561
2532	2532
2532	2554
2532	2386
2532	2433
2532	2469
2532	2485
2532	2423
2532	2395
2532	2369
2532	2428
2532	2381
2532	2376
2532	2083
2532	2122
2532	2086
2532	2063
2532	2077
2532	2069
2532	2115
2532	2109
2532	2040
2532	2020
2532	2098
2532	2078
2532	2073
2532	2030
2532	2059
2532	1984
2532	1993
2532	1979
2532	1962
2532	1938
2532	1946
2532	1943
2532	1917
2532	1966
2532	1983
2532	1985
2552	2631
2552	2638
2552	2625
2552	2606
2552	2573
2552	2532
2552	2552
2552	2554
2552	2549
2552	2386
2552	2433
2552	2469
2552	2485
2552	2423
2552	2395
2552	2369
2552	2428
2552	2381
2552	2376
2552	2083
2552	2122
2552	2086
2552	2063
2552	2077
2552	2069
2552	2115
2552	2109
2552	2040
2552	2020
2552	2098
2552	2078
2552	2073
2552	2030
2552	2059
2552	1984
2552	1993
2552	1979
2552	1962
2552	1938
2552	1946
2552	1943
2552	1917
2552	1966
2552	1983
2552	1985
2554	2631
2554	2638
2554	2625
2554	2619
2554	2591
2554	2606
2554	2573
2554	2561
2554	2532
2554	2552
2554	2554
2554	2549
2554	2386
2554	2433
2554	2469
2554	2485
2554	2423
2554	2395
2554	2369
2554	2428
2554	2381
2554	2376
2554	2083
2554	2122
2554	2086
2554	2063
2554	2077
2554	2069
2554	2115
2554	2109
2554	2040
2554	2020
2554	2098
2554	2078
2554	2073
2554	2030
2554	2059
2554	1984
2554	1993
2554	1979
2554	1962
2554	1938
2554	1946
2554	1943
2554	1917
2554	1966
2554	1983
2554	1985
2549	2631
2549	2638
2549	2606
2549	2532
2549	2552
2549	2554
2549	2549
2549	2386
2549	2433
2549	2469
2549	2485
2549	2423
2549	2395
2549	2369
2549	2428
2549	2381
2549	2376
2549	2083
2549	2122
2549	2086
2549	2063
2549	2077
2549	2069
2549	2115
2549	2109
2549	2040
2549	2020
2549	2098
2549	2078
2549	2073
2549	2030
2549	2059
2549	1984
2549	1993
2549	1979
2549	1962
2549	1938
2549	1946
2549	1943
2549	1917
2549	1966
2549	1983
2549	1985
2386	2619
2386	2591
2386	2606
2386	2573
2386	2532
2386	2554
2386	2386
2386	2433
2386	2469
2386	2369
2386	2381
2386	2376
2386	2083
2386	2122
2386	2086
2386	2063
2386	2077
2386	2069
2386	2115
2386	2109
2386	2040
2386	2020
2386	2098
2386	2078
2386	2073
2386	2030
2386	2059
2386	1984
2386	1993
2386	1979
2386	1962
2386	1938
2386	1946
2386	1943
2386	1917
2386	1966
2386	1983
2386	1985
2433	2654
2433	2631
2433	2606
2433	2573
2433	2561
2433	2532
2433	2554
2433	2386
2433	2433
2433	2469
2433	2485
2433	2423
2433	2395
2433	2369
2433	2428
2433	2381
2433	2376
2433	2083
2433	2122
2433	2086
2433	2063
2433	2077
2433	2069
2433	2115
2433	2109
2433	2040
2433	2020
2433	2098
2433	2078
2433	2073
2433	2030
2433	2059
2433	1984
2433	1993
2433	1979
2433	1962
2433	1938
2433	1946
2433	1943
2433	1917
2433	1966
2433	1983
2433	1985
2469	2631
2469	2625
2469	2591
2469	2573
2469	2532
2469	2552
2469	2554
2469	2386
2469	2433
2469	2469
2469	2485
2469	2423
2469	2395
2469	2369
2469	2428
2469	2381
2469	2376
2469	2083
2469	2122
2469	2086
2469	2063
2469	2077
2469	2069
2469	2115
2469	2109
2469	2040
2469	2020
2469	2098
2469	2078
2469	2073
2469	2030
2469	2059
2469	1984
2469	1993
2469	1979
2469	1962
2469	1938
2469	1946
2469	1943
2469	1917
2469	1966
2469	1983
2469	1985
2485	2631
2485	2619
2485	2606
2485	2561
2485	2532
2485	2552
2485	2554
2485	2386
2485	2433
2485	2469
2485	2485
2485	2423
2485	2395
2485	2369
2485	2428
2485	2381
2485	2376
2485	2083
2485	2122
2485	2086
2485	2063
2485	2077
2485	2069
2485	2115
2485	2109
2485	2040
2485	2020
2485	2098
2485	2078
2485	2073
2485	2030
2485	2059
2485	1984
2485	1993
2485	1979
2485	1962
2485	1938
2485	1946
2485	1943
2485	1917
2485	1966
2485	1983
2485	1985
2423	2615
2423	2591
2423	2606
2423	2561
2423	2554
2423	2386
2423	2469
2423	2423
2423	2395
2423	2369
2423	2381
2423	2376
2423	2083
2423	2122
2423	2086
2423	2063
2423	2077
2423	2069
2423	2115
2423	2109
2423	2040
2423	2020
2423	2098
2423	2078
2423	2073
2423	2030
2423	2059
2423	1984
2423	1993
2423	1979
2423	1962
2423	1938
2423	1946
2423	1943
2423	1917
2423	1966
2423	1983
2423	1985
2395	2631
2395	2630
2395	2591
2395	2552
2395	2554
2395	2386
2395	2469
2395	2395
2395	2369
2395	2381
2395	2376
2395	2083
2395	2122
2395	2086
2395	2063
2395	2077
2395	2069
2395	2115
2395	2109
2395	2040
2395	2020
2395	2098
2395	2078
2395	2073
2395	2030
2395	2059
2395	1984
2395	1993
2395	1979
2395	1962
2395	1938
2395	1946
2395	1943
2395	1917
2395	1966
2395	1983
2395	1985
2369	2369
2369	2083
2369	2122
2369	2086
2369	2063
2369	2077
2369	2069
2369	2115
2369	2109
2369	2040
2369	2020
2369	2098
2369	2078
2369	2073
2369	2030
2369	2059
2369	1984
2369	1993
2369	1979
2369	1962
2369	1938
2369	1946
2369	1943
2369	1917
2369	1966
2369	1983
2369	1985
2428	2631
2428	2619
2428	2606
2428	2386
2428	2423
2428	2395
2428	2369
2428	2428
2428	2381
2428	2376
2428	2083
2428	2122
2428	2086
2428	2063
2428	2077
2428	2069
2428	2115
2428	2109
2428	2040
2428	2020
2428	2098
2428	2078
2428	2073
2428	2030
2428	2059
2428	1984
2428	1993
2428	1979
2428	1962
2428	1938
2428	1946
2428	1943
2428	1917
2428	1966
2428	1983
2428	1985
2381	2631
2381	2606
2381	2369
2381	2381
2381	2376
2381	2083
2381	2122
2381	2086
2381	2063
2381	2077
2381	2069
2381	2115
2381	2109
2381	2040
2381	2020
2381	2098
2381	2078
2381	2073
2381	2030
2381	2059
2381	1984
2381	1993
2381	1979
2381	1962
2381	1938
2381	1946
2381	1943
2381	1917
2381	1966
2381	1983
2381	1985
2376	2654
2376	2631
2376	2638
2376	2615
2376	2554
2376	2386
2376	2369
2376	2376
2376	2083
2376	2122
2376	2086
2376	2063
2376	2077
2376	2069
2376	2115
2376	2109
2376	2040
2376	2020
2376	2098
2376	2078
2376	2073
2376	2030
2376	2059
2376	1984
2376	1993
2376	1979
2376	1962
2376	1938
2376	1946
2376	1943
2376	1917
2376	1966
2376	1983
2376	1985
2083	2625
2083	2591
2083	2606
2083	2532
2083	2552
2083	2554
2083	2485
2083	2423
2083	2369
2083	2376
2083	2078
2083	2073
2083	2030
2083	2059
2083	1984
2083	1993
2083	1979
2083	1962
2083	1938
2083	1946
2083	1943
2083	1917
2083	1966
2083	1983
2083	1985
2122	2654
2122	2631
2122	2630
2122	2591
2122	2573
2122	2561
2122	2532
2122	2552
2122	2554
2122	2469
2122	2395
2122	2083
2122	2086
2122	2063
2122	2077
2122	2069
2122	2115
2122	2109
2122	2040
2122	2020
2122	2098
2122	2078
2122	2073
2122	2030
2122	2059
2122	1984
2122	1993
2122	1979
2122	1962
2122	1938
2122	1946
2122	1943
2122	1917
2122	1966
2122	1983
2122	1985
2086	2631
2086	2624
2086	2619
2086	2591
2086	2606
2086	2573
2086	2561
2086	2532
2086	2552
2086	2554
2086	2549
2086	2386
2086	2433
2086	2423
2086	2083
2086	2122
2086	2109
2086	2040
2086	2020
2086	2098
2086	2078
2086	2073
2086	2030
2086	2059
2086	1984
2086	1993
2086	1979
2086	1962
2086	1938
2086	1946
2086	1943
2086	1917
2086	1966
2086	1983
2086	1985
2063	2654
2063	2631
2063	2630
2063	2619
2063	2591
2063	2606
2063	2561
2063	2532
2063	2552
2063	2554
2063	2386
2063	2433
2063	2469
2063	2395
2063	2369
2063	2083
2063	1979
2063	1962
2063	1938
2063	1946
2063	1943
2063	1917
2063	1966
2063	1983
2063	1985
2077	2654
2077	2631
2077	2615
2077	2630
2077	2591
2077	2573
2077	2532
2077	2552
2077	2554
2077	2386
2077	2433
2077	2469
2077	2485
2077	2423
2077	2083
2077	2086
2077	2063
2077	2109
2077	2040
2077	2020
2077	2098
2077	2073
2077	2030
2077	2059
2077	1984
2077	1993
2077	1979
2077	1962
2077	1938
2077	1946
2077	1943
2077	1917
2077	1966
2077	1983
2077	1985
2069	2552
2069	2554
2069	2386
2069	2433
2069	2086
2069	2063
2069	1917
2069	1966
2069	1983
2069	1985
2115	2631
2115	2630
2115	2591
2115	2606
2115	2573
2115	2532
2115	2554
2115	2386
2115	2369
2115	2428
2115	2381
2115	2083
2115	2086
2115	2063
2115	2077
2115	2069
2115	2115
2115	2109
2115	2040
2115	2020
2115	2098
2115	2078
2115	2073
2115	2030
2115	2059
2115	1984
2115	1993
2115	1979
2115	1962
2115	1938
2115	1946
2115	1943
2115	1917
2115	1966
2115	1983
2115	1985
2109	2654
2109	2615
2109	2591
2109	2606
2109	2532
2109	2554
2109	2386
2109	2469
2109	2423
2109	2381
2109	2083
2109	2122
2109	2086
2109	2063
2109	2077
2109	2069
2109	2040
2109	2020
2109	2098
2109	2078
2109	2073
2109	2030
2109	2059
2109	1984
2109	1993
2109	1979
2109	1962
2109	1938
2109	1946
2109	1943
2109	1917
2109	1966
2109	1983
2109	1985
2040	2654
2040	2625
2040	2624
2040	2630
2040	2591
2040	2532
2040	2552
2040	2554
2040	2549
2040	2381
2040	2083
2040	2122
2040	2086
2040	2063
2040	2077
2020	2630
2020	2619
2020	2591
2020	2606
2020	2532
2020	2552
2020	2554
2020	2386
2020	2433
2020	2122
2020	2086
2020	2063
2020	2077
2098	2654
2098	2619
2098	2607
2098	2606
2098	2532
2098	2552
2098	2554
2098	2386
2098	2433
2098	2469
2098	2485
2098	2381
2098	2083
2098	2086
2098	2063
2098	2077
2098	2069
2098	2040
2098	2098
2098	2078
2098	2073
2098	2030
2098	2059
2098	1984
2098	1993
2098	1979
2098	1962
2098	1938
2098	1946
2098	1943
2098	1917
2098	1966
2098	1983
2098	1985
2078	2063
2078	2077
2078	2069
2078	2040
2078	1943
2078	1917
2078	1966
2078	1983
2078	1985
2073	2606
2073	2063
2073	2069
2073	2115
2073	2040
2073	1985
2030	2631
2030	2606
2030	2386
2030	2086
2030	2063
2030	2020
2059	2376
2059	2040
2059	2020
2059	1983
2059	1985
1984	2625
1984	2554
1984	2485
1984	2122
1984	2077
1993	2606
1993	2083
1993	2063
1979	2630
1979	2591
1979	2606
1979	2561
1979	2532
1979	2485
1979	2083
1979	2077
1979	2109
1962	2631
1962	2591
1962	2552
1962	2077
1938	2631
1938	2606
1938	2485
1938	2423
1938	2086
1946	2591
1946	2532
1946	2423
1943	2591
1943	2532
1943	2554
1943	2086
1917	2606
1917	2552
1917	2122
1917	2109
1966	2638
1966	2591
1966	2606
1966	2532
1966	2554
1966	2485
1966	2395
1966	2122
1966	2086
1966	2077
1966	2098
1983	2591
1983	2554
1983	2485
1983	2115
1983	2098
1985	2607
1985	2606
1985	2552
1985	2554
1985	2433
1985	2098
2661	3204
2661	3258
2696	2696
2820	2696
2820	2820
2820	2697
2697	2696
2697	2697
2934	2696
2934	2820
2934	2697
2934	2934
2934	2870
2870	2696
2870	2820
2870	2697
2870	2870
2820	3186
2711	3304
2790	2903
2733	3261
2748	3296
2748	3204
2677	2903
2677	3361
2677	3278
2764	2764
2764	2693
2764	2677
2693	2693
2693	2677
2677	2693
2677	2677
2693	2923
2781	3296
2781	3140
2781	3258
2792	2792
2792	2691
2691	2691
2818	3091
2752	3091
2700	3091
2825	2825
2825	3304
3304	2825
3304	3304
3304	2942
2942	2825
2942	2942
2825	3404
2863	3140
2869	3296
2869	3140
2881	3258
1387	3290
1297	3290
1151	3290
2958	3258
3009	3296
3027	3204
3035	3140
3070	3296
3070	3204
3107	3244
2821	3400
2766	3400
2817	3147
3127	3127
3127	3074
3127	2774
3127	3055
3127	2817
3074	3074
3074	2774
3074	3055
3074	2817
2774	2774
3055	2774
3055	3055
3055	2817
2817	2774
2817	2817
2898	3431
2776	3354
2788	3354
2975	3354
3218	3218
3218	3200
3218	3141
3218	3122
3218	3105
3218	3053
3218	2861
3218	2776
3218	2788
3218	2799
3218	2975
3200	3200
3200	3141
3200	3122
3200	3105
3200	3053
3200	2861
3200	2776
3200	2788
3200	2799
3200	2975
3141	3141
3141	3122
3141	3105
3141	3053
3141	2861
3141	2776
3141	2788
3141	2799
3141	2975
3122	3122
3122	3105
3122	3053
3122	2861
3122	2776
3122	2788
3122	2799
3122	2975
3105	3053
3105	2861
3105	2776
3105	2788
3105	2799
3105	2975
3053	2861
3053	2776
3053	2788
3053	2799
3053	2975
2861	3105
2861	2776
2861	2788
2861	2799
2861	2975
2776	3218
2776	3200
2776	3122
2776	3053
2776	2776
2776	2788
2776	2799
2776	2975
2788	3218
2788	3200
2788	3141
2788	3122
2788	3105
2788	3053
2788	2861
2788	2776
2788	2788
2788	2799
2788	2975
2799	3141
2799	2776
2799	2788
2799	2975
2975	3218
2975	3200
2975	3141
2975	3122
2975	3053
2975	2861
2975	2776
2975	2788
2975	2799
2975	2975
3246	3246
3246	3186
3246	3244
3186	3244
3244	3186
3244	3244
2902	3372
3251	3251
3251	3181
3251	3180
3251	3131
3251	2930
3251	2902
3251	2732
3181	3181
3181	3180
3181	3131
3181	2930
3181	2902
3181	2732
3180	3180
3180	3131
3180	2930
3180	2902
3180	2732
3131	3131
3131	2930
3131	2902
3131	2732
2930	2930
2930	2902
2930	2732
2902	2902
2902	2732
3258	3287
3258	3403
3258	3258
3258	3261
3258	3076
3261	3258
3261	3076
3296	3342
3116	3342
3140	3434
3437	862
3541	3871
3541	3857
3541	3819
3541	3538
3541	3473
3507	3946
3483	3946
3695	3695
3695	3649
3695	3639
3695	3594
3695	3562
3695	3516
3695	3613
3695	3523
3695	3481
3649	3649
3649	3639
3649	3594
3649	3562
3649	3516
3649	3613
3649	3523
3649	3481
3639	3639
3639	3594
3639	3562
3639	3516
3639	3613
3639	3523
3639	3481
3594	3639
3594	3594
3594	3562
3594	3516
3594	3523
3594	3481
3562	3516
3562	3523
3562	3481
3516	3594
3516	3516
3516	3481
3613	3594
3613	3562
3613	3516
3613	3613
3613	3523
3613	3481
3523	3516
3523	3481
3481	3523
3639	3919
3594	3919
3844	3932
3848	3932
3879	3932
3854	3932
3772	3979
3861	3861
3861	3733
3861	3742
3733	3733
3733	3742
3742	3733
3742	3742
3871	3871
3871	3912
3871	3892
3871	3874
3871	3868
3871	3857
3871	3819
3871	3595
3871	3567
3871	3538
3871	3628
3871	3743
3871	3725
3871	3473
3912	3871
3912	3912
3912	3892
3912	3874
3912	3868
3912	3857
3912	3819
3912	3595
3912	3567
3912	3538
3912	3628
3912	3743
3912	3725
3912	3473
3892	3871
3892	3892
3892	3874
3892	3868
3892	3857
3892	3819
3892	3595
3892	3567
3892	3538
3892	3628
3892	3743
3892	3725
3892	3473
3874	3871
3874	3874
3874	3868
3874	3857
3874	3819
3874	3595
3874	3567
3874	3538
3874	3628
3874	3743
3874	3725
3874	3473
3868	3871
3868	3868
3868	3857
3868	3819
3868	3595
3868	3567
3868	3538
3868	3628
3868	3743
3868	3725
3868	3473
3857	3871
3857	3912
3857	3892
3857	3874
3857	3857
3857	3819
3857	3595
3857	3567
3857	3538
3857	3628
3857	3743
3857	3725
3857	3473
3819	3871
3819	3892
3819	3857
3819	3819
3819	3595
3819	3567
3819	3538
3819	3628
3819	3743
3819	3725
3819	3473
3595	3871
3595	3892
3595	3874
3595	3819
3595	3567
3595	3538
3595	3473
3567	3871
3567	3892
3567	3819
3567	3567
3567	3538
3567	3473
3538	3473
3628	3595
3628	3567
3628	3538
3628	3628
3628	3473
3743	3595
3743	3567
3743	3538
3743	3628
3743	3743
3743	3725
3743	3473
3725	3595
3725	3567
3725	3538
3725	3628
3725	3725
3725	3473
3899	3975
3653	3975
3901	3975
3664	3975
3789	3975
3749	3975
3751	3975
3720	3975
3675	3975
3600	3972
3783	3967
3985	4030
3998	4030
3981	4030
4031	4030
4027	4030
3991	4030
4013	4030
3989	4030
4002	4030
3995	4030
4016	4016
4016	4007
4016	3990
4007	4007
4007	3990
3990	3990
