0	0
1	5
2	11
3	12
4	15
5	16
6	18
7	27
8	29
9	33
10	34
11	37
12	42
13	43
14	47
15	49
16	50
17	52
18	54
19	66
20	72
21	74
22	76
23	79
24	81
25	90	145
26	96	228	3
27	97
28	107
29	108
30	112
31	114
32	120
33	125
34	130	302	266	299	254	196	330	320	300	204	194	187	180	94	53	92	101	24	30	322	323	274	186	62	170	261	238	223	59	63	265	249	80	57	242	48	188	306	275	273	218	195	181	260	152	334	78	4	313	165	325	314	290	277	271	200	118	109	142	122	104	329	331	291	231	158	40	252	203	199	172	21	98	13	56	26	67	9	339	31	87	168	129	22	7	45	318	229	123	148	189	301	217	150	100	64	119	25	55	280	272	65	185	236	246	315	303	207	276	232	224	133	141	258	156	257	85	75	117	153	105	39	121	73	126	160	206	88	1	178	309	284	281	251	139	197	184	127	135	36	239	234	60	213	212	248	285	208	10	106	77	38	169	103	211	82	128
35	132
36	134	69	84	113	161
37	136
38	138
39	140	333	144	137	93	243	167	216	32	111	162	226	214	44	326	312	149	116	115	41	20	2	28	17	14
40	146
41	151
42	155	124
43	157
44	159
45	164
46	174
47	176
48	179
49	182
50	183
51	190
52	191
53	192
54	202	269
55	205
56	209
57	210
58	215
59	220	305	262
60	221
61	222
62	225
63	233
64	235
65	237
66	240
67	241
68	244
69	247
70	250
71	253
72	255
73	256
74	264
75	267
76	268
77	270
78	278
79	279
80	282
81	283
82	286
83	287
84	288
85	289
86	292
87	293
88	294
89	295
90	296
91	297
92	298
93	304
94	307
95	308
96	310
97	311
98	316
99	317
100	319	154	219	147	95	89	6	35	263	227	102	68	175	19	177	131	143	99	46	86	70	230	71	61	259	110	83	51	23	245	193	201	91	8
101	321
102	324
103	327
104	328
105	332
106	335
107	336
108	337
109	338
110	340
111	341
112	342
113	343
114	344
115	345
116	346
117	347
118	356
119	358
120	371
121	377
122	382
123	383
124	385
125	386
126	401
127	406	379
128	411
129	414
130	418
131	447
132	448
133	449
134	458	403	482	539	446	390	502	491	490	372	434
135	468
136	470
137	472
138	478	349	405
139	480
140	489
141	510
142	521
143	526
144	530
145	533
146	535
147	540
148	550
149	552
150	560
151	562
152	563	546	537	455	525	471	1549	1425	1487	1543	1671	1313	606	538	527	536	542	494	462	517	409	488	566	419	1801	1767	1766	1660	1625	1773	1763	1695	1778	1878	1870	1744	1606	1318	1113	1565	1080	353	1867	1874	1877	1886	1821	1832	1446	1740	1602	1679	915	1012	1179	1114	484	1514	1790	1677	1673	1349	976	1526	1464	1574	1427	1332	1142	948	1358	1320	930	1155	1237	1122	580	555	547	519	474	410	396	355	529	522	452	450	354	361	359	348	442	523	520	507	402	432	630	567	669	645	634	587	586	591	604	561	559	524	513	423	438	436	388	479	440	512	511	493	465	416	398	375	352	368	404	456	430	420	408	392	417	400	431	395	366	376	378	391	373	412	553	545	544	506	543	531	528	500	504	481	466	429	463	444	426	433	407	350	374	460	362	558	557	495	445	415	413	421	518	516	485	551	509	477	469	457	357	505	486	380	459	435	369	367	514	515	496	473	503	497	492	475	363	370	1443	1831	1897	1901	1372	1342	1829	1743	1234	1356	1064	1212	931	939	1694	1478	1616	1645	1512	1545	1473	1400	1374	651	1294	1210	962	641	936	676	614	394	629	601	556	365	548	487	451	439	428	483	464	384	549	534	554	541	427	508	173	425	501	454	476	441	399	393	364	198	166	163	351	397	424	1035	389	381	498	461	453	443	532	467	499	437	387	360
153	564
154	565
155	568
156	569
157	570
158	571
159	572
160	576
161	581
162	585
163	593
164	594
165	602
166	607
167	608
168	610
169	613
170	620	680	636	677	633	666	644	617	609	605	618	588	639	678	679	657	631	584	616	590	589	654	653	611	625	619	598	597	422	612	575	623	622	592	579	573	603	596	621	574
171	624
172	626
173	628
174	637
175	638
176	642
177	646
178	648
179	649
180	652
181	655
182	656
183	659	658	643	640	635
184	660
185	663
186	664
187	667
188	668
189	671
190	672
191	673
192	674
193	675	670	661	665	662	650	647	600	632	627	615	583	599	595	577	582	578
194	681
195	682
196	683
197	684
198	685
199	686
200	692
201	701
202	710
203	716
204	734
205	740
206	741
207	742	788	802	818	733	822	796	791	816	806	789	699	771	732	725	714	736	767	712	707	702	689	768
208	749
209	750
210	756
211	757
212	759
213	775
214	777
215	785
216	794
217	801
218	808	790	720
219	821
220	832
221	833
222	839
223	841
224	843
225	845
226	846
227	848
228	849
229	850
230	851
231	852	798	717
232	853
233	854
234	855
235	857	879	881	858	870	866	871
236	860
237	865
238	868
239	873	885	874	872	859	877	867	776	698	869	811	838	769	753	861	886	888	878	882	876	863	804	856	729	708	834	847	842	831	836	829	824	810	828	815	827	820	727	807	779	765	774	805	823	819	709	792	780	697	696	722	711	706	773	752	766	694	719	713	695	724	705	826	751	760	726	731	690	797	758	755	787	764	770	730	793	783	739	728	703	687	763	786	782	813	743	795	746	691	784	700	738	745	688	704	844	840	744	721	754	747	830	778	837	737	812	835	803	693	814	800	799	715	762	772	761	884	864	825	735	817	809	718	723	748	781
240	875
241	880
242	883
243	887
244	889
245	890
246	891
247	892
248	893
249	894
250	895
251	904
252	905
253	907
254	908
255	911
256	916
257	918
258	921
259	922
260	925
261	926
262	927
263	932
264	934
265	935
266	943
267	945
268	946
269	947
270	950
271	952
272	961
273	965
274	966
275	967
276	973
277	978
278	980
279	985	1244	1090
280	986
281	987
282	988
283	989
284	991
285	993
286	994
287	995
288	999
289	1003
290	1004
291	1007
292	1009
293	1013
294	1022
295	1026
296	1028
297	1029	1201	1180
298	1031
299	1034
300	1038
301	1039
302	1042
303	1044
304	1047
305	1054
306	1058
307	1060
308	1062
309	1065
310	1068
311	1074
312	1077
313	1084
314	1086
315	1091	1105	1002	1627	1027
316	1092
317	1096
318	1098
319	1103
320	1115
321	1116
322	1119
323	1120
324	1123
325	1128
326	1130
327	1140	1818	1807	1761	1658	1247	914	913	1575	1453	1408	1881	1135	1217	1492	1194	1046	1343	1334
328	1141	1500
329	1143
330	1145
331	1146
332	1149
333	1152
334	1154	1794	1385	1094
335	1156
336	1163
337	1164
338	1165	1317	1087	929	923
339	1168	1093	1183
340	1176
341	1181
342	1182
343	1185
344	1190
345	1191
346	1195
347	1196
348	1200	1202	1071
349	1203
350	1206
351	1208
352	1214
353	1219
354	1224
355	1229
356	1230
357	1231
358	1233
359	1239
360	1240
361	1251
362	1252
363	1253
364	1254
365	1258
366	1262
367	1263
368	1264
369	1265
370	1269
371	1270
372	1272
373	1276
374	1279
375	1286
376	1287
377	1289
378	1291
379	1292
380	1293
381	1295	1749	1248	937	1106	1246	1667
382	1301
383	1302
384	1305
385	1309
386	1312
387	1316
388	1326
389	1331
390	1335
391	1337
392	1340
393	1341
394	1346	998	1571
395	1350
396	1351
397	1353
398	1359	1388	1280
399	1362
400	1364
401	1365
402	1369
403	1373
404	1381
405	1386
406	1392
407	1393	1300	1397	1631	1490	1095	1001
408	1394
409	1395
410	1398
411	1399
412	1401
413	1405
414	1407
415	1409
416	1411	1283	1520
417	1414
418	1418	1745	1650	1296	1412	1010	1221	924
419	1430
420	1431	1391	1211	1199	1126
421	1432
422	1435
423	1436
424	1438
425	1442	1133	899	1439
426	1449
427	1455
428	1458
429	1461
430	1463
431	1466
432	1467
433	1480
434	1484
435	1485
436	1486
437	1488
438	1501	1697	1383	1157	1460	1779	1765	1639	1513	1637	1585	1564	1544	1441	1434	1266	1055	1822	1050	1175
439	1506
440	1510
441	1511
442	1515
443	1517
444	1518
445	1523
446	1530
447	1531
448	1534
449	1535	1498	1220
450	1537
451	1538
452	1539
453	1540
454	1542
455	1546
456	1547
457	1550
458	1552
459	1553
460	1556
461	1558
462	1560
463	1561
464	1562
465	1563
466	1572
467	1579
468	1581
469	1586
470	1587
471	1592
472	1598
473	1604
474	1605
475	1614
476	1618
477	1619
478	1620
479	1632	1532	1367
480	1643	1609	1528
481	1644
482	1646
483	1648	1784	1568	1747	1733	1802	1798	1629	1787	1601	1424	1314	1468	1378	958	1118	1097	963	938	903	901	1499	1384	1368	1111	1197	909	1045	1043	1030	955	1403	1218	1138	1177	956	1016	979	1607	1057	1053	1880	1837	1186	1371	1548	1533	992	1493	1452	1319	1333	1232	1216	1363	1137
484	1651
485	1652
486	1653
487	1654
488	1664
489	1670	1642	1008	1527	1476	1519	1056
490	1672
491	1674	1858	1817	1594	1626	1702	1865	1860	1909	1440	1161	1150	1321	1419	1327	1361	1774	1863	1521	1902	1590	1437	1124
492	1675
493	1678
494	1680
495	1684
496	1690
497	1691
498	1693
499	1700
500	1701
501	1708
502	1711
503	1712
504	1713
505	1718
506	1720
507	1722
508	1724
509	1731	1696	1599	1566	1268	1162	1497	968
510	1735
511	1737	1688	1659	1554	1110	1600	1557	1623	1597	1416	1242	1375	1344	906	1075	1049	1209	1112	1816	1864	1845	1842	1772	1826	1810	1791	1800	1789	1752	1799	1754	1795	1721	1835	1898	1868	1879	1888	1861	1839	1833	1827	1823	1741	1736	1730	1746	1757	1668	1669	1714	1707	1665	1663	1662	1516	1584	1612	1621	1390	1376	1352	1559	1551	1589	1267	1377	1329	1339	1198	1250	1076	1255	1184	1017	1079	1059	1078	1107	1847	1803	1641	1178	1088	1187	1567	1494	1719	1705	1806	1555	1061	928	900	1698	1687	1593	1615	1433	1274	1033	1588	1421	1410	1307	1136	1328	1174	1144	1676	1630	1569	1529	1525	1444	1496	1482	1338	1504	1472	1366	1225	1310	1188	1260	1070	1159	1051	1360	1325	970	951	1703	1640	1759	1474	1308	1304	1127	1228	974	1000	1134	1037	1311	964	1089	1005	1415	1259	1275	1226	1109	1783	1725	1904	1876	1770	1739	1634	1633	1481	1709	1355	1299	1469	1139	1428	1348	1072	1692	1727	1422	1776	1657	910	912	1357	1223	1699	1686	1167	1536	1052	1828	1824	1820	1742	1661	1732	1729	1508	1582	1396	1382	1324	1451	1081	1108	1261	1099	1066	1102	1020	1894	1893	1871	1147	1872	1899	1417	1857	1635	1578	1873	1884	1862	1682	1636	1841	1728	1716	1638	1406	1595	1751	1454	1502	1495	1655	1647	1715	1628	1611	1596	1462	1426	1459	1573	1583	1576	1479	1413	1257	1298	1322	1345	1277	1235	1284	1148	1204	1192	1227	1015	1082	957	1067	1036	1100	1129	1019	981	975	1021	1591	1475	1448	1404	1379	1347	1423	1315	1158	1104	896	1281	1706	1649	1704	1215	941	1273	933	1241	1503	1489	1429	971	1236	1189	1121	949	1025	917	954	942	1717	1689	1683	1622	1617	1491	1420	1804	1768	1793	1753	1843	1775	1734	1685	1608	1613	1610	1603	1570	1580	1483	1447	1330	1205	1153	1172	1336	1285	1457	1380	1370	1288	1456	972	1063	1069	1207	1271	1509	1522	1471	1256	1238	1125	1006	1101	1132	1024	960	1083	959	1040	983	982	1117	1173	1160	997	953	897	1470	1389	1323	1243	1222	1048	1282	1018	1032	1014	984	1303	919	1170	969	898	1245	1166	902
512	1738
513	1748
514	1750
515	1755
516	1756
517	1758
518	1760
519	1762
520	1764
521	1769
522	1777
523	1780	1771	1796	1710	1524	1278	1290
524	1781
525	1782
526	1785
527	1786
528	1788
529	1792	1073	1445	996	1193	1477	1023	920
530	1797
531	1805
532	1808
533	1809	1723	1402
534	1811
535	1812
536	1813
537	1814
538	1815	940	1169	1869	1354	1681	1541	1624	1213	1507	1306	1249	1131	1011	977	1041	944
539	1819
540	1825
541	1830
542	1834
543	1836
544	1838
545	1840
546	1844
547	1846
548	1848
549	1849
550	1850
551	1851
552	1852
553	1853
554	1854
555	1855
556	1856
557	1859
558	1866
559	1875
560	1882
561	1883
562	1885
563	1887
564	1889
565	1890
566	1891
567	1892
568	1895
569	1896
570	1900
571	1903
572	1905
573	1906
574	1907
575	1908
576	1910
577	1911
578	1912
579	1916
580	1921
581	1924
582	1925
583	1926
584	1930
585	1931
586	1934	2162	2197	2310	2525	1944
587	1950
588	1952
589	1953
590	1955
591	1959
592	1963
593	1967
594	1968
595	1969
596	1976
597	1982
598	1986	2112	1997
599	1987
600	1994
601	1999
602	2010
603	2012
604	2013
605	2016
606	2021
607	2025
608	2026
609	2046
610	2048
611	2055	1989	2210
612	2058
613	2060	2212	2165
614	2062
615	2072	2003	1981	1970	1947
616	2079
617	2084
618	2096
619	2101
620	2134
621	2137
622	2144
623	2148
624	2158
625	2163
626	2164
627	2175
628	2178
629	2185
630	2186
631	2189
632	2195
633	2205	2514	2066	2031	1923
634	2208	2065	2057	2042	1465
635	2213
636	2223
637	2230	2099	2249	2293	2571	2547	2597	2592	2609	2599	2567	2420	2315	2270	2617	2501	2603	2479	2451	2438	2434	2280	2415	2390	2243	2274	2222	2221	2643	2516	2502	2295	2519	2605	2594	2616	2608	2598	2589	2555	2491	2472	2465	2537	2511	2510	2509	2332	2445	2436	2336	2461	2471	2372	2254	2338	2319	2344	2377	2419	2398	2533	2508	2417	2458	2396	2394	2149	2138	2292	2279	2283	2282	2102	2224	2187	2153	2087	2053	2247	2246	2241	2117	2203	2250	2028	2194	2196	2191	2183	2143	2151	2169	2333	2328	2054	2081	2111	2199	2127	2068	1932	1920	2071	2039	2007	2235	2110	2075	1939	2132	1948	1940	2052	2125	2032	1945	1577	2296	2226	2017	2565	1996	2379	2367	2133	2038	2047	2642	2629	2588	2582	2498	2350	2368	2273	2198	2174	2351	2343	2327	2180	2161	2267	2264	2135	2268	2475	2399	2384	2325	2522	2366	2345	2232	2252	2177	2029	2480	2362	2318	2182	2610	2557	2416	2272	2211	2176	2242	2209	1965	2260	2166	2141	2155	2000	2424	2659	2658	2657	2534	2494	2647	2648	2645	2627	2620	2585	2538	2447	2097	2361	2022	2011	2004	2435	2378	2365	2225	2583	2337	2202	2192	2159	2061	2171	2157	2027	2018	2009	2284	2364	2001	1998	1995	1980	1973	1972	1951	1927	1919	1914	2256	2291	2219	2214	2566	2406	2523	2265	2288	2036	1964	2147	2636	2633	2626	2346	2297	2405	2024	2006	1991	1957	1935	2215	2529	2459	2413	1928	2531	2389	2355	2400	2425	2312	1913	2116	2014	2050	2639	1958	2357	2455	2313	2342	2317	2441	2422	2217	2548	2528	2431	2439	2375	2263	2450	2227	2051	2100	2113	2173	2314	2448	2618	2380	2402	2371	2503	2497	2403	2070	2130	2119	2251	2228	2236	2231	2085	2628	2488	2474	2440	2411	2397	2107	1922	2120	2577	2570	2316	2412	1933	2129	2089	2035	2082	2023	1960	2126	2091	2481	1961	2487	2167	2281	2245	2094	1956	2535	2301	2335	2286	2049	2248	1990	1978	1975	1936	2373	2193	2277	2181	2145	2562	2614	2080	2322	2105	2238	2160	2156	1915	2015	1937	2114	2008	2152	2146	1949	2601	2604	2602	2600	2593	2579	2590	2586	2578	2564	2560	2559	2546	2550	2542	2495	2526	2520	2504	2507	2492	2482	2446	2500	2464	2409	2408	2478	2574	2563	2287	2575	2551	2536	2521	2556	2553	2506	2353	2623	2489	2429	2462	2393	2387	2303	2262	2234	2449	2427	2300	2092	2067	2019	1942	2044	2056	2477	2418	2468	2460	2392	2539	2484	2404	2334	2307	2414	2410	2253	2347	2339	2257	2276	2216	2370	2363	2359	2352	2356	2354	2340	2326	2374	2348	2308	2237	2278	2271	2299	2324	2309	2331	2290	2323	2275	2229	2266	2244	2240	2233	2220	2218	2093	2200	2190	2142	2201	2172	2188	2206	2154	2121	2150	2184	2104	2123	2131	2139	2124	2118	2088	2090	2108	2103	2140	2095	2074	2005	2037	2045	2064	2043	2033	1929	1971	1918
638	2239
639	2261	2430
640	2269
641	2285
642	2298
643	2302
644	2304
645	2305
646	2311	2258	2179
647	2321
648	2358
649	2360
650	2382	2341	2041
651	2383
652	2388
653	2391	2476	2136
654	2407	2306	2329
655	2421	2168	2106	2204	2034
656	2432
657	2437
658	2442
659	2452
660	2454
661	2456
662	2457
663	2467
664	2470
665	2473
666	2493
667	2496
668	2499
669	2505	2453	1974	1977
670	2512	2463	2294	2289	2385	2128	2002	1941	1954
671	2515	2207	2255	2426	2401	2170	2330	2466	2622	2513	2490	2486	2444	2349	2320	1992	2076	1988	2443	2527	2483	2259
672	2517
673	2518
674	2524
675	2530
676	2540
677	2541
678	2543
679	2544
680	2545
681	2558
682	2568
683	2569
684	2572
685	2576
686	2580
687	2581
688	2584
689	2587
690	2595
691	2596
692	2612
693	2613
694	2621
695	2632
696	2634
697	2635
698	2637
699	2640
700	2641
701	2644
702	2646
703	2649
704	2650
705	2651
706	2652
707	2653
708	2654	2631	2638	2625	2624	2615	2630	2619	2611	2607	2591	2606	2573	2561	2532	2552	2554	2549	2386	2433	2469	2485	2423	2395	2369	2428	2381	2376	2083	2122	2086	2063	2077	2069	2115	2109	2040	2020	2098	2078	2073	2030	2059	1984	1993	1979	1962	1938	1946	1943	1917	1966	1983	1985
709	2655
710	2656
711	2660
712	2661
713	2666
714	2668
715	2672
716	2680
717	2681
718	2686
719	2692
720	2696	2820	2697	2934	2870
721	2702
722	2704
723	2705
724	2709
725	2711
726	2712
727	2713
728	2714
729	2722
730	2723
731	2724
732	2725	2688	2790
733	2727
734	2733
735	2735
736	2736
737	2737
738	2740
739	2741
740	2743
741	2744
742	2745
743	2747
744	2748
745	2751
746	2759
747	2764	2693	2677
748	2768
749	2772
750	2773
751	2780
752	2781
753	2783
754	2787
755	2791
756	2792	2691
757	2794
758	2795
759	2798
760	2801
761	2803
762	2805
763	2808
764	2812
765	2813
766	2814
767	2816
768	2818	2962	2752	2824	2721	2671	2700
769	2825	3304	2942
770	2826
771	2835
772	2838
773	2840
774	2842
775	2844
776	2847
777	2850
778	2852
779	2857
780	2858
781	2860
782	2863
783	2868
784	2869
785	2871
786	2875
787	2878
788	2881
789	2882
790	2884
791	2885	58	1387	1297	171	1151	1171
792	2887
793	2892
794	2894
795	2895
796	2897
797	2903
798	2904
799	2908
800	2914
801	2917
802	2921
803	2922
804	2923
805	2936
806	2941
807	2946
808	2947
809	2950
810	2952
811	2958
812	2960
813	2961
814	2963
815	2965
816	2968
817	2969
818	2971
819	2976
820	2979
821	2980
822	2984
823	2985
824	2994
825	2998
826	2999
827	3003
828	3004
829	3006
830	3009
831	3014
832	3015
833	3016
834	3017
835	3027
836	3031
837	3034
838	3035
839	3037
840	3042
841	3043
842	3044
843	3046
844	3048
845	3050
846	3051
847	3067
848	3070
849	3071
850	3075
851	3083
852	3088
853	3091
854	3093
855	3094
856	3097
857	3107
858	3109
859	3110
860	3112
861	3113
862	3117
863	3120
864	3121
865	3123	2731	2821	2766	2981
866	3124	3312	3319	3288	2831	2715
867	3125
868	3127	3074	2774	3055	2817
869	3134
870	3138
871	3143
872	3144
873	3147
874	3152
875	3157
876	3159
877	3161
878	3173
879	3175
880	3178
881	3183
882	3187
883	3189
884	3192
885	3197
886	3198
887	3199
888	3202
889	3203
890	3205
891	3206
892	3208	3171	2898	3151	3253	2996	2901
893	3211
894	3213
895	3215
896	3216
897	3217
898	3218	3200	3141	3122	3105	3053	2861	2776	2788	2799	2975
899	3227
900	3230
901	3235
902	3246	3186	3244
903	3249
904	3251	3181	3180	3131	2930	2902	2732
905	3258	3261	3076
906	3259
907	3260
908	3262
909	3268
910	3270
911	3271
912	3274
913	3275
914	3276
915	3278
916	3279
917	3282
918	3285
919	3287
920	3290
921	3296	3204	3140	3116	3082
922	3302
923	3305
924	3306	2855	2811	2876	2848	2819	2716
925	3307
926	3310
927	3323
928	3331
929	3332
930	3336
931	3339	3232	3250	3301	3284	3195	3362	3364	3243	3104	3426	3392	3300	3139	3114	3090	3026	3363	3226	3174	3229	2899	3153	2726	2663	2789	3036	3025	2988	2729	3098	3078	3040	3096	3064	3033	2966	2890	2873	2782	2786	2862	2956	2679	2925	2916	2880	2867	2943	2910	2864	2839	2866	2872	2911	2750	2698	2749	2676	2669	2827	2755	2800	2777	2694	3286	3294	3193	3184	3023	2948	2854	2757	2877	3315	3303	3237	3095	3234	3092	3052	3417	3324	3387	3384	2761	2913	2891	2806	2763	2706	3257	3238	3119	3220	3158	3135	2940	2928	2944	2905	3166	3137	3348	3129	3142	3149	3228	3085	3108	3047	2974	3022	2815	2717	2689	3394	3030	3269	3231	3045	3390	3317	3388	3333	3080	3010	2837	2809	2978	3059	3130	2888	2769	2710	2807	2851	2683	2810	3000	2945	3293	3029	2953	2931	3163	2993	2987	3084	2896	2977	2929	2915	2754	2874	2756	2738	2673	2967	2695	2909	2664	3065	3054	2920	3073	3056	2986	2746	2919	2912	2906	2927	2907	2924
932	3340
933	3342
934	3354
935	3360	3212	3224	3106	2720	3148	3350	3353	3335	3291	3320	3280	3185	2973	3272	3060	3182	3172	2845	2823	2708	2701	2684	2797	3391	3344	3299	3240	3422	3419	3416	3397	3411	3381	3351	3347	3396	3386	3355	3345	3321	3277	3267	3252	3239	3201	3247	3169	2853	3101	3049	2970	2939	2849	2742	2719	2796	2778	2833	2828	3316	3297	3265	3146	3132	3021	2991	3194	3357	3352	3349	3188	3209	3058	3041	3160	3013	2846	2785	3089	3179	3079	3011	3150	2765	2937	2804	2989	2753	2770	3038	3111	3115	3102	2687	3225	3378	3377	3281	3145	3039	2992	2793	2674	3343	3165	3328	3254	2734	3005	3289	3292	2938	2964	2707	1666	3245	3222	1450	2760	3164	2678	1726	2822	1656	1505	3081	2685	3263	2995	3398	3308	3266	3061	2957	3057	990	3376	3338	2926	2883	3369	3358	3365	3264	2932	3256	3330	3236	3255	3156	3167	3032	2918	2859	2718	2758	2865	3425	3402	3401	3196	2730	2843	3327	3382	3325	3329	3242	3099	3337	2856	2784	2667	2762	3341	3313	3326	3214	3219	2690	2832	3248	2893	3221	3190	2954	2771	2841	3136	2836	2955	3087	3072	2834	3311	3314	3318	3309	2972	2889	3283	3008	2982	2959	2879	2699	2703	2670	3155	3012	3063	3028	2997	2949	3322	3128	3126	3066	2886	2767	3020	2935	2933	2983	2665	2675	3018	3068	2900	2830	2829	2682	3168	3162	3019	3177	3410	3371	3241	3103	2779	3077	3002	3086	2728	3298	3170	3118	3359	3356	3273	3295	3207	3176	3062	3233	3100	3154	3001	3007	2990	2802	2662	2951	3069	3334	3133	3346	3223	3024	3210	2739	2775	3191
936	3361
937	3366
938	3367
939	3368
940	3370
941	3372
942	3373
943	3374
944	3375
945	3379
946	3380
947	3383
948	3385
949	3389
950	3393
951	3395
952	3399
953	3400
954	3403
955	3404
956	3405
957	3406
958	3407
959	3408
960	3409
961	3412
962	3413
963	3414
964	3415
965	3418
966	3420
967	3421
968	3423
969	3424
970	3427
971	3428
972	3429
973	3430
974	3431
975	3432
976	3433
977	3434
978	3435
979	3436
980	3437
981	3440
982	3445	3739	3657
983	3451
984	3453
985	3457
986	3470
987	3479
988	3486
989	3494
990	3503
991	3510
992	3511
993	3515
994	3535
995	3541
996	3543
997	3544
998	3556
999	3563
1000	3570
1001	3572
1002	3574
1003	3575
1004	3582
1005	3588
1006	3589
1007	3591
1008	3597
1009	3601	3818	3927	3937	3782	3668	3945	3915	3829	3761	3738	3634	3752	3554	3469	3890	3754	3843	3825	3645	3617	3464	3460	3529	3443	3821	3622	3564	3887	3665	3909	3906	3768	3623	3568	3524	3558	3648	3646	3903	3924	3900	3896	3631	3711	3869	3866	3810	3833	3826	3822	3794	3793	3714	3706	3569	3509	3584	3593	3764	3583	3676	3652	3489	3614	3466	3870	3786	3931	3718	3758	3493	3458	3620	3506	3561	3777	3767	3532	3555	3463	3459	3534	3468	3499	3859	3660	3643
1010	3619
1011	3627
1012	3630
1013	3632
1014	3635
1015	3650
1016	3663
1017	3666
1018	3667
1019	3670
1020	3671
1021	3673
1022	3678
1023	3681
1024	3686
1025	3688
1026	3690	3823	3781	3507	3483
1027	3693
1028	3694
1029	3695	3649	3639	3594	3562	3516	3613	3523	3481
1030	3699
1031	3704
1032	3709
1033	3719
1034	3723	3566	3925	3551	3530	3504	3487	3612	3547	3454	3496
1035	3724
1036	3729
1037	3730
1038	3732
1039	3736
1040	3741
1041	3746
1042	3748
1043	3756
1044	3763
1045	3770
1046	3771	3727	3580	3894	3939	3806	3679	3447	3863	3745	3662	3549	3536	3811	3814	3682	3585	3624	3546	3531	3490	3446	3441	3606
1047	3778
1048	3784
1049	3785
1050	3787
1051	3788
1052	3792
1053	3798
1054	3801
1055	3803
1056	3807
1057	3808
1058	3812
1059	3816
1060	3820
1061	3827
1062	3832
1063	3834
1064	3839
1065	3841
1066	3844	3848	3716	3647	3513	3799	3638	3616	3439	3879	3854
1067	3846
1068	3847	3626	3950	3592	3888	3872	3659	3610	3522	3779	3772
1069	3849	3444	3539
1070	3850
1071	3853
1072	3855
1073	3856
1074	3860	3858	3642	3731	3559	3968	3966	3831	3780	3817	3618	3948	3886	3938	3877	3873	3842	3651	3684	3484	3485	3926	3852	3889	3851	3891	3796	3916	3805	3845	3838	3501	3449	3577	3495	3804	3790	3737	3611	3596	3578	3557	3687	3640	3528	3518	3514	3488	3677	3750	3697	3734	3633	3625	3540	3674	3586	3480	3491	3604	3545	3456	3672	3475	3471	3450	3542	3497	3658	3707	3603	3605	3576	3680	3552	3824	3800	3755	3703	3797	3654	3452	3702	3712	3828	3692	3930	3902	3461	3884	3683	3762	3940	3573	3527	3898	3883	3581	3830	1085	3721	3609	3550	3520	862	3689	3621	3795	3760	3864	3813	3700	3669	3502	3467	3533	3560	3691	3744	3717	3765	3517	3512	3438	3448	3656	3492	3462	3565	3477	3775	3637	3525
1075	3861	3733	3742
1076	3865
1077	3871	3912	3892	3874	3868	3857	3819	3595	3567	3538	3628	3743	3725	3473
1078	3875	3809	3537	3766
1079	3876
1080	3878
1081	3880	3897	3661	3548
1082	3881
1083	3882
1084	3885
1085	3893
1086	3895
1087	3899	3653	3901	3664	3789	3749	3751	3720	3957	3918	3837	3836	3774	3757	3708	3759	3701	3675	3579	3476	3519	3571	3465
1088	3904
1089	3905
1090	3908
1091	3910
1092	3911
1093	3913
1094	3917
1095	3919
1096	3921
1097	3922
1098	3923
1099	3928
1100	3929
1101	3932
1102	3934
1103	3935
1104	3936
1105	3941
1106	3942
1107	3943
1108	3944
1109	3946
1110	3947
1111	3949
1112	3951
1113	3952
1114	3953
1115	3954
1116	3955
1117	3956	3726	3600	3602
1118	3958
1119	3959
1120	3960	3641	3783	3914	3474
1121	3961
1122	3962
1123	3963
1124	3964	3933	3920	3791	3776	3655	3696	3747	3587	3500	3478	3835	3907	3802	3705	3735	3867	3862	3815	3715	3740	3769	3728	3608	3615	3498	3629	3521	3773	3753	3722	3713	3710	3636	3599	3590	3455	3442	3840	3698	3607	3685	3644	3472	3598	3508	3482	3553	3505	3526
1125	3965
1126	3967
1127	3969
1128	3970
1129	3971
1130	3972
1131	3973
1132	3974
1133	3975
1134	3976
1135	3977
1136	3978
1137	3979
1138	3980
1139	3983
1140	3984
1141	3985	4026	4019	4021	4017	3986	4000	3993	3988	4009	4018	4003	3998	3997	3994	3981	3982	4031	4027	3991	4013	3989	4023	4014	4020	4004	4002	3995
1142	3987
1143	3992
1144	3996
1145	3999
1146	4001
1147	4005
1148	4006
1149	4008
1150	4010
1151	4011
1152	4012
1153	4015
1154	4016	4007	3990
1155	4022
1156	4024
1157	4025
1158	4028
1159	4029
1160	4030
1161	4032
1162	4033
1163	4034
1164	4035
1165	4036
1166	4037
1167	4038
