0	0
1	1
2	7
3	8
4	11	360
5	20
6	21
7	24
8	26
9	27
10	31	2912
11	36
12	38
13	39
14	43
15	44	6045
16	46
17	50
18	56	4100	766	3698	6361
19	57
20	60
21	63	4154	2179	2791	1284	1010	1796	449	804
22	69
23	72	1563	3263	3254
24	79
25	80
26	84
27	86
28	87
29	88
30	92
31	93
32	100
33	107
34	108
35	111
36	115
37	117
38	123
39	124
40	125	4115	2254	7301	5397	3195
41	126
42	127	4837	5118	4724	4925	3265	5
43	128
44	129
45	132
46	134
47	140	4569	4902	3623	5834
48	143
49	144
50	147	6633	3529	6438	1489
51	148
52	152	2654
53	154
54	157
55	159
56	160
57	161
58	162
59	163
60	165
61	168
62	172
63	174
64	175	4581	4527	5103	7060	4043	3534
65	176
66	178	3965	4945	4942	4484
67	182	5975	5563	2071	4324
68	183	2637	945	118
69	186	1058	6426
70	187
71	188
72	191
73	192
74	193
75	194
76	195
77	196
78	198
79	200
80	201
81	202	1008	266
82	203
83	205
84	206
85	210
86	218
87	219
88	225
89	227
90	230
91	233
92	237
93	239
94	242	531	3600	1199	3019	5064	4896	5265	4752	424	1490	4642	1521	838	414	2728	3269	5653	2888	611	2230	2041	317	715	268	518	121	319	213	2694
95	246
96	247
97	249
98	254	5813	4611
99	256
100	259
101	261
102	263
103	269
104	270
105	272
106	274
107	275
108	276	869	2018	1651	4192	2272	3749	4112	4681	2029	1798	2287	2258	96	2906	1574
109	278
110	280
111	282
112	283
113	284
114	286
115	294
116	298
117	301
118	303
119	304
120	305
121	309
122	310
123	311	6578	6057	5652	1837
124	312
125	314	5326	4482	3955	4218
126	318
127	320
128	327
129	328
130	330
131	332
132	341
133	342
134	348
135	350
136	358
137	361
138	362
139	363	3675
140	369	6519	1930	6523	1977
141	372
142	373
143	375	3433	1381	2201	4058
144	379
145	382
146	383
147	384
148	386
149	390
150	391
151	399
152	401
153	405
154	412
155	416
156	417
157	420	2459	1577
158	425
159	428
160	431
161	434
162	435
163	437
164	441
165	444
166	445
167	446
168	448
169	451
170	454
171	455
172	457
173	463
174	467
175	468	6669	1608
176	475
177	476
178	477	3808	6389	3906	2645
179	480
180	481
181	483
182	485
183	493
184	496
185	497
186	500
187	507
188	513	4439	3431
189	514
190	516
191	523	4130
192	527
193	528
194	529
195	530
196	532
197	533
198	534	2558	1050
199	545
200	548
201	549
202	554
203	555
204	556
205	560
206	564
207	568
208	569
209	573
210	575
211	580
212	584
213	585
214	586
215	587
216	589
217	591
218	594
219	595	3196	5187	2198
220	598	2838	3877	6924	6288	1013	4907	1732	1297	982
221	605
222	606
223	607
224	609
225	610	4597	5388	4815	478	878	189
226	612
227	613
228	619
229	621
230	623
231	624
232	626	5237	5256
233	627
234	629
235	632	4861	3781	3576	2847	5517	5077
236	633
237	635	1733	1322	7108	4706
238	636
239	642
240	644	3714	6647	4962	4279	4025	3745	2014	3466	2788	440	177	1675
241	646
242	649
243	652	5566	3476	3853
244	653
245	654
246	655
247	656	2277	4475
248	657
249	660
250	663
251	667
252	674
253	675
254	676
255	679
256	681
257	686
258	687	577
259	696	677	3465
260	698
261	700
262	705
263	718
264	720
265	723
266	725	5053	5039
267	730
268	732
269	735
270	742
271	743
272	749
273	757
274	758
275	762
276	768
277	770
278	771
279	772
280	774
281	775
282	780	2399
283	781
284	782
285	784
286	786
287	787
288	788
289	789	1039
290	790
291	793
292	794
293	795
294	796	567	2307	544	3452	3642	403	3703
295	798
296	801
297	811
298	815
299	816
300	817
301	818
302	819
303	822
304	823
305	826
306	831
307	834
308	835	2595	4420	4714
309	836
310	839	1662	4415
311	849	1853	1648	941	905
312	858
313	860
314	861
315	862	2313	6291	3657	3934	1198
316	865
317	868
318	870
319	874
320	875
321	877
322	880
323	886	5535	6218	6468	6800	6663	4577	1453
324	887
325	889
326	896
327	897	5364	1880
328	899
329	902
330	903	466
331	906
332	909
333	912
334	918
335	924
336	931	2583
337	932
338	935
339	937
340	938
341	944
342	951
343	954
344	956
345	960
346	962
347	963
348	967
349	971
350	972
351	973	4700	4073	6190	7013	4684
352	974
353	975
354	976
355	977
356	978
357	979
358	983
359	984
360	988
361	989
362	996
363	1001
364	1004
365	1019
366	1020
367	1021
368	1024	2499
369	1026
370	1028
371	1031
372	1033	4746
373	1035
374	1036
375	1040
376	1042
377	1043
378	1046	943
379	1049
380	1055
381	1056
382	1057
383	1060
384	1062
385	1063
386	1064
387	1065	3947	3175	3479
388	1066
389	1068
390	1070
391	1072
392	1077	3857
393	1079
394	1080	4605	6748	4898	3732	3009	5537
395	1082
396	1086
397	1094
398	1095
399	1097
400	1098
401	1100	2357	3119	224	61	281	354	2002	559	145	81
402	1102
403	1108
404	1113
405	1118
406	1120
407	1123	512	1941
408	1130	942	4853	1883	501
409	1131
410	1133
411	1135
412	1136
413	1140
414	1142
415	1151
416	1154
417	1155	4396	6213	4255	3537	6593	4014	1939	2820	404	1149	751
418	1156
419	1159
420	1163
421	1168
422	1173
423	1178
424	1179
425	1180
426	1181
427	1184
428	1185
429	1189
430	1190	4450	4824	5439
431	1192
432	1193
433	1194
434	1197
435	1200	2617	3962
436	1201
437	1205
438	1208
439	1209
440	1214
441	1215
442	1226
443	1229
444	1234
445	1238	1248	1616	5628
446	1239	2587	1918	1685	3897	955	2294	2089	1247	2735
447	1240
448	1241
449	1242
450	1244
451	1245
452	1246	4394	2571
453	1251
454	1256
455	1260
456	1261	1517	4410	805	1237	2479	4528
457	1267
458	1270	2476	1607	4081
459	1273
460	1274
461	1275
462	1276
463	1279
464	1280
465	1283	4347	3946	4446
466	1289
467	1291
468	1292
469	1293
470	1295
471	1298	1310	2695	966	2577
472	1299
473	1300
474	1303
475	1304
476	1305
477	1306
478	1307
479	1308
480	1312
481	1315
482	1319
483	1320
484	1321	331
485	1326
486	1327
487	1328
488	1336
489	1339
490	1340
491	1341
492	1349
493	1350
494	1353
495	1354
496	1355
497	1356
498	1362
499	1363
500	1364
501	1366	3096
502	1367
503	1370	85	4562	1862	661
504	1374
505	1378
506	1379
507	1383
508	1386
509	1388
510	1389	1169
511	1391
512	1396
513	1403
514	1404
515	1407
516	1408
517	1412
518	1414
519	1415
520	1417
521	1420
522	1421
523	1422	2335
524	1425
525	1426
526	1427
527	1428
528	1431
529	1433
530	1435
531	1436
532	1437
533	1438
534	1439
535	1444	832	671	355
536	1445
537	1447
538	1450
539	1452
540	1455
541	1456
542	1458
543	1461
544	1462
545	1464
546	1471
547	1473
548	1474
549	1475
550	1477
551	1480
552	1482
553	1484
554	1488
555	1493
556	1494
557	1495
558	1500
559	1502
560	1505
561	1509
562	1510
563	1511
564	1513	1703	207	3304	1770
565	1515
566	1520
567	1524
568	1527
569	1532
570	1540
571	1542
572	1543
573	1544
574	1545
575	1547
576	1551
577	1556
578	1557
579	1561
580	1565
581	1568
582	1569
583	1571
584	1572
585	1573
586	1576
587	1581
588	1584
589	1587	4876	2193	2374
590	1588
591	1590
592	1591
593	1592
594	1595
595	1600
596	1602
597	1604
598	1610	2865	2010
599	1611
600	1612
601	1614
602	1620
603	1622	1981	3583	2004	456	923	704
604	1623
605	1635
606	1636
607	1641
608	1644
609	1654
610	1655
611	1657
612	1658
613	1659
614	1661
615	1664
616	1668
617	1670
618	1674
619	1678
620	1679
621	1680
622	1681
623	1682
624	1683
625	1686
626	1690
627	1694
628	1696
629	1698
630	1701	5067
631	1702
632	1705
633	1708	2140
634	1713	2979
635	1714
636	1716
637	1719
638	1725
639	1726
640	1728	3309	3167	4304	753
641	1730
642	1731
643	1734
644	1735
645	1737
646	1740
647	1746
648	1749	3948	1855	2598	204
649	1750
650	1751
651	1752	2176	6792	3964	2995	1552	181	3030	5147	6211	4808	2051	3197	5600	1316	3730	479	2585	1081
652	1758
653	1760
654	1765
655	1766
656	1767
657	1774
658	1777
659	1782
660	1787	1152	2320	792	724	387	581	570	5180	3592	119
661	1788
662	1789
663	1793
664	1799
665	1803	691	64	4993
666	1804
667	1805
668	1807	1330
669	1811	1625
670	1812
671	1814
672	1816
673	1823
674	1824
675	1832
676	1834
677	1845
678	1848	1264	229
679	1852
680	1854	4549
681	1857
682	1858	2527
683	1860
684	1865
685	1872
686	1876
687	1877
688	1878	5774	6606	4265	6787
689	1884
690	1885
691	1886
692	1887	4296	2946	5154
693	1888	6248	2739	4835	4523	583
694	1892
695	1899	1689	1397	297
696	1904
697	1905
698	1908
699	1909	750	968
700	1911	1497
701	1915
702	1916
703	1919
704	1921
705	1926
706	1933
707	1935
708	1938
709	1952
710	1953
711	1957
712	1959
713	1960
714	1963
715	1968
716	1972
717	1974
718	1975
719	1982
720	1983
721	1984
722	1987
723	1988	2167
724	1993
725	1994
726	1996	6264	2612	462	6171	5705	2314	2816	1029	3248	2732	4612	5875	2830	925	1889	5684	3301
727	1997
728	2000
729	2001
730	2017	2884	1979
731	2024
732	2027
733	2032
734	2037
735	2038	1650	4662
736	2039
737	2043
738	2046
739	2052
740	2053
741	2058
742	2060
743	2063
744	2064
745	2065
746	2067
747	2069
748	2070
749	2073
750	2075
751	2080
752	2088
753	2090
754	2091
755	2093	2378
756	2094
757	2103
758	2104
759	2111
760	2112
761	2119	1688	5379	2383	2664
762	2121
763	2122
764	2124	138	3552	752
765	2126
766	2127
767	2132
768	2134	277	3775	1618	1150	1347
769	2139
770	2143
771	2150
772	2152
773	2157
774	2159
775	2160
776	2162	1048	6035	3007	2670	6000	5173
777	2164
778	2166
779	2168
780	2172
781	2173
782	2181	2842	5070	245	51	4234	1217
783	2183
784	2185	3467	4954	6030	1594
785	2187	1575	5561	6909
786	2189
787	2191
788	2194
789	2197
790	2199
791	2200
792	2206
793	2211	3956	1580
794	2214
795	2215
796	2218	2522	197
797	2221
798	2222
799	2231
800	2233
801	2234
802	2236
803	2237
804	2238	2385	5674	4313
805	2240
806	2242
807	2243
808	2244
809	2248
810	2259
811	2260
812	2263
813	2268
814	2271
815	2273
816	2274
817	2275	738	4794	5255
818	2276
819	2281
820	2283
821	2284
822	2285
823	2286	2345
824	2290
825	2292
826	2303
827	2305	4180	2931	5894	6405	4145	3795	4134	2947	927
828	2310
829	2311	6626
830	2312
831	2322
832	2325	1076
833	2328
834	2331	2066	1646
835	2333
836	2334
837	2336
838	2338
839	2340	1467	3083
840	2341	2297
841	2342
842	2343
843	2350
844	2352
845	2353
846	2355
847	2361	1741	1839
848	2364
849	2365
850	2366
851	2367
852	2369
853	2370
854	2373
855	2384
856	2387
857	2392
858	2395
859	2398
860	2400
861	2401
862	2402
863	2409
864	2412	1549	2055	990	3572
865	2416
866	2417
867	2421
868	2422
869	2426
870	2427
871	2428
872	2429
873	2433
874	2435
875	2436	2323	2579
876	2437
877	2441
878	2444
879	2450
880	2451
881	2456
882	2457
883	2461
884	2467
885	2468
886	2469
887	2470
888	2471
889	2472
890	2475
891	2477
892	2480
893	2481
894	2483
895	2484	2996	2280
896	2491	2397	3712	131
897	2492
898	2496
899	2497
900	2498
901	2502	1818	2560
902	2506
903	2508
904	2510
905	2511
906	2513
907	2516
908	2517
909	2518
910	2523
911	2524	5855	2072
912	2526
913	2530
914	2533
915	2534
916	2535
917	2536	3976	4221
918	2539
919	2540
920	2541
921	2543
922	2544	3230
923	2545
924	2546
925	2550
926	2551
927	2555
928	2557
929	2562
930	2563
931	2564
932	2567
933	2568	4021	2068	4767	628	4191	3740	3547	3353	2095	1121	1742	1697	1809	1759	1499
934	2578
935	2581
936	2582
937	2589	4705	4305	2891	3804
938	2590
939	2591
940	2594
941	2596
942	2599
943	2600
944	2607	5696	3245
945	2608
946	2609
947	2613
948	2615
949	2618
950	2620
951	2622
952	2623
953	2624	2170	262	5453
954	2626
955	2630
956	2631
957	2636
958	2638
959	2644
960	2647
961	2648
962	2650
963	2651
964	2653
965	2657
966	2660
967	2663
968	2665
969	2667	6015	4905	4745	5709	1309
970	2668
971	2669
972	2671
973	2672
974	2673
975	2675
976	2678	1671
977	2679
978	2682
979	2684
980	2687
981	2688
982	2690
983	2691	699	961	1018	2302	1250
984	2696	6638	1418	6893	6128	4416	4972
985	2700
986	2702
987	2704
988	2706
989	2715	4870	898
990	2717
991	2719
992	2722
993	2723
994	2734
995	2736
996	2742
997	2745
998	2746
999	2747
1000	2748
1001	2749	4776	5110	728	2085	1257	4538
1002	2750
1003	2753
1004	2756
1005	2760
1006	2762
1007	2764
1008	2765
1009	2769
1010	2770
1011	2771	2223	4230	668	4483	4363	5904	5438	94	3527	5806	346	4336	4034	1929	1387	2875	158	3357	1786
1012	2772
1013	2774	4795
1014	2775
1015	2778
1016	2779
1017	2781
1018	2782
1019	2785
1020	2790
1021	2792
1022	2793
1023	2794	1411	4756	250	759
1024	2796
1025	2797
1026	2799	5175
1027	2800
1028	2801
1029	2802
1030	2807	1985	712	5716
1031	2811
1032	2813
1033	2814
1034	2815
1035	2817	10	1175	2270
1036	2825
1037	2828
1038	2831
1039	2836
1040	2837
1041	2839
1042	2841
1043	2848
1044	2852
1045	2853
1046	2858
1047	2859
1048	2861
1049	2863
1050	2868
1051	2869
1052	2871
1053	2874
1054	2881
1055	2887
1056	2890
1057	2892
1058	2893
1059	2896
1060	2900	1145	5202
1061	2902
1062	2903
1063	2904
1064	2908
1065	2910
1066	2911
1067	2913
1068	2915
1069	2917
1070	2920
1071	2921
1072	2922
1073	2923
1074	2926
1075	2928
1076	2934
1077	2935
1078	2936
1079	2938
1080	2940
1081	2943
1082	2944
1083	2948
1084	2949
1085	2951
1086	2955
1087	2956
1088	2961
1089	2967
1090	2976
1091	2987	4755	4512	4654	1817	2495
1092	2988
1093	2990
1094	2993
1095	2994
1096	2997
1097	2999
1098	3001
1099	3004
1100	3005
1101	3006	997	180	1780	3052	510	3485
1102	3010
1103	3012
1104	3013
1105	3014
1106	3015
1107	3017
1108	3018
1109	3020
1110	3021	2552	3856
1111	3022
1112	3025	2559	6139	5220
1113	3027
1114	3029
1115	3032
1116	3035
1117	3039
1118	3040	2439
1119	3043
1120	3044
1121	3045	3273
1122	3046
1123	3051
1124	3053
1125	3054	2107
1126	3055
1127	3056
1128	3058
1129	3059	4276	5473	3109
1130	3060
1131	3064	3806
1132	3071
1133	3073	4678	4127	4454	3916	1395	1025	4222	5429	620	1638	4376	4648	1486	3682	867
1134	3074
1135	3077
1136	3080
1137	3084
1138	3085
1139	3086
1140	3087
1141	3092
1142	3093	6224	2332	6235	2683	4744
1143	3095
1144	3097
1145	3099
1146	3100
1147	3102
1148	3105	2278	5028	6227	1665
1149	3108
1150	3110
1151	3112
1152	3118
1153	3120
1154	3123
1155	3128
1156	3130	1361	2141	1067	419
1157	3133	3404	4882
1158	3134
1159	3135
1160	3137
1161	3138
1162	3139	3180
1163	3143
1164	3145
1165	3149	2009	5365
1166	3150
1167	3152
1168	3154
1169	3159
1170	3160
1171	3161
1172	3162
1173	3164
1174	3168
1175	3170
1176	3178
1177	3179
1178	3185
1179	3186
1180	3187
1181	3188
1182	3189
1183	3190
1184	3191
1185	3194
1186	3198
1187	3200
1188	3204
1189	3205
1190	3207
1191	3211
1192	3214
1193	3217
1194	3220	6537	6454
1195	3222
1196	3223
1197	3228
1198	3229
1199	3231
1200	3233	4595	1946	2681
1201	3234
1202	3235	1088
1203	3237
1204	3240
1205	3241
1206	3242
1207	3243
1208	3244
1209	3246
1210	3250
1211	3256
1212	3259
1213	3260
1214	3261
1215	3262
1216	3272	3000
1217	3275
1218	3277
1219	3278	3708	2885
1220	3282
1221	3283
1222	3284
1223	3286
1224	3291
1225	3292
1226	3293	4561	703	2256
1227	3297	4054	4231
1228	3299
1229	3303
1230	3310
1231	3313
1232	3319
1233	3323	2232	351	4431	2178	1873	3334	5603	6952	5060	1459	3881	3998	707	2959	3652	871	1296	1047	3883	3697	6763	4623	4380	2854	684	1212	2144	2321	495
1234	3327
1235	3328
1236	3330	3518	6031	4442	4914	2789	4139	1709	5608	2180	4316	3276	2460	3500	1084	6880	2588	1704	3348	526	615	2114	779	949
1237	3333
1238	3335
1239	3337
1240	3338
1241	3340
1242	3343
1243	3345
1244	3346
1245	3347
1246	3349
1247	3350
1248	3354
1249	3356
1250	3358
1251	3360
1252	3362
1253	3364
1254	3367	678
1255	3368
1256	3370
1257	3377
1258	3379
1259	3380
1260	3381	6312	2247	6062	693	6295	980	5199	1507	1271
1261	3382
1262	3390
1263	3391
1264	3395
1265	3396
1266	3398	2554	1344	717
1267	3399
1268	3401	3914	3146
1269	3403
1270	3405
1271	3406
1272	3411
1273	3413
1274	3415
1275	3417
1276	3418
1277	3420
1278	3421	3114	3232	5224	3026	1206	4964	1090	2958	7009	6258	6874	5269	3677	5005	6614	1478	6903	5026	6831	5598	6772	3589	5129	6466	5851	3281	3800	5865	3973	2432	2404	1998	3369	1715	590	5017	4854	6263	5836	4098	3144	3388	4968	1005	2798	6907	4158	433	1252	2149	2924	3296	872	2882	257	2309	4843	7182	95	593	3122	3061	3832	6283	5389	3735	6110	6718	4890	5804	3141	2414	2047	1302	650	5762	3585	4621	1258	6101	5747	4298	1951	3414	561	2289	3219	1630	1022	3408	2724	2646	3824	4444	2642	4239	2992	3615	3079	825	4417	3124	3115	3075	2971	2977	2549	2822	2337	4327	4404	4548	1187	4476	3764	1875	3787	2901	3846	2707	542	4598	3069	2566	622	3617	4207	3355	3620	3050	2375	1781	6458	1619	4821	4798	5373	4660	116	1531	2818	306	3811	538	3822	6356	7095	6852	6328	6311	4637	5323	6524	4983	6648	4679	4618	6321	5819	5916	6121	5260	1631	1783	5106	2184	47	1109	5503	5504	6116	2008	1288	471	1466	5612	5984	6592	1945	6268	1564	5547	1017	429	1593	3664	1037	745	2011	579	3251	3126	5918	4061	1833	2573	873	4213	5722	2182	1910	634	4533	1323	748	4178	1687	552	1559	59	4118	5573	3621	4016	1896	659	3999	1907	307	472	3443	2239	3995	97	3352	3444	3216	5171	1567	2918	680	1605	344	733	2186	3491	4801	2889	267	32	3192	6063	6600	582	922	2572
1279	3422
1280	3423
1281	3424
1282	3425
1283	3427
1284	3428
1285	3432
1286	3435
1287	3436
1288	3438
1289	3439
1290	3440
1291	3441
1292	3445
1293	3446
1294	3448
1295	3449
1296	3450	773	3063	2377
1297	3451
1298	3454
1299	3457	5399	5335	1089
1300	3458
1301	3459
1302	3460
1303	3461
1304	3462
1305	3464	5333
1306	3469
1307	3472
1308	3473
1309	3474
1310	3475
1311	3477
1312	3478
1313	3487
1314	3489
1315	3495
1316	3497
1317	3498
1318	3499
1319	3501
1320	3503
1321	3506	2130	2430
1322	3508
1323	3513
1324	3515
1325	3520
1326	3521
1327	3525
1328	3526	6703	1890	3809
1329	3530
1330	3533
1331	3535
1332	3540
1333	3543	4325	2661	6677	5759	139
1334	3549
1335	3551	6379	3765	5934	2113
1336	3554
1337	3556
1338	3557
1339	3560
1340	3562	1399	367
1341	3563
1342	3565
1343	3567
1344	3570
1345	3571
1346	3574
1347	3584
1348	3587
1349	3588
1350	3591
1351	3594
1352	3596
1353	3601
1354	3602
1355	3603
1356	3606
1357	3607	1429	900	947
1358	3609
1359	3610
1360	3611
1361	3612
1362	3613
1363	3614
1364	3619
1365	3628	2372	1943	2597
1366	3630
1367	3636	5207
1368	3637
1369	3638
1370	3640
1371	3644	3840	1906	746
1372	3645
1373	3646
1374	3654
1375	3655	5038	1739
1376	3656
1377	3663	1579	5499	3945	5565	563	1390	1870	397
1378	3665
1379	3666
1380	3667
1381	3669
1382	3670
1383	3671
1384	3673
1385	3679
1386	3681	4768	5314
1387	3683
1388	3684
1389	3685
1390	3686
1391	3687	1124	683	490	747	2380	1560
1392	3688
1393	3689
1394	3691
1395	3694
1396	3695
1397	3696
1398	3701
1399	3706
1400	3707
1401	3709	394	3553	4078	2957	6783	2241	1530
1402	3710	3509
1403	3711
1404	3717
1405	3718
1406	3720
1407	3721
1408	3723
1409	3724
1410	3725
1411	3727
1412	3728
1413	3731
1414	3736
1415	3738
1416	3741
1417	3743
1418	3746
1419	3747
1420	3750
1421	3755
1422	3756	89	2048
1423	3760
1424	3761
1425	3762
1426	3763
1427	3768
1428	3769
1429	3771	1721	66
1430	3772
1431	3774	6842	3182
1432	3777
1433	3779
1434	3782
1435	3784
1436	3786
1437	3789	6978	6949	6049
1438	3793
1439	3794
1440	3796
1441	3797
1442	3799
1443	3803
1444	3805
1445	3807
1446	3810
1447	3815
1448	3816
1449	3817
1450	3818
1451	3820
1452	3823
1453	3825
1454	3826
1455	3828
1456	3831
1457	3833
1458	3834	2125	1948	2092
1459	3836
1460	3838	5928	3387	1718	5582	710	1410	5317
1461	3839	785	2023	2634	23
1462	3842
1463	3843
1464	3844
1465	3845
1466	3847
1467	3848
1468	3851
1469	3854
1470	3855	2575	4109	5495
1471	3859
1472	3860
1473	3861
1474	3862
1475	3863
1476	3865
1477	3875
1478	3882
1479	3884
1480	3885
1481	3889
1482	3890
1483	3891
1484	3893
1485	3898
1486	3899
1487	3900
1488	3901
1489	3907
1490	3909
1491	3910
1492	3911
1493	3915
1494	3920
1495	3922
1496	3926
1497	3927	2989
1498	3933
1499	3938
1500	3940
1501	3942
1502	3949
1503	3950
1504	3951	1465	4867
1505	3957
1506	3958	3633	3471
1507	3959
1508	3960
1509	3967
1510	3972
1511	3979
1512	3980
1513	3981
1514	3982
1515	3983	6698	6598	4924	16
1516	3984
1517	3991
1518	3992	3544	4934
1519	3993
1520	3997
1521	4001
1522	4002
1523	4003
1524	4004	6357	1923	494	2643	1419	5109	55	1826	1454	53
1525	4006	6834	6954	2960	4960	6791	1472
1526	4009
1527	4011
1528	4012
1529	4015
1530	4019
1531	4020
1532	4022
1533	4023
1534	4024
1535	4026
1536	4028
1537	4033
1538	4035
1539	4036
1540	4037
1541	4038
1542	4040
1543	4041
1544	4042
1545	4045
1546	4046
1547	4050
1548	4051
1549	4056
1550	4062
1551	4063
1552	4064
1553	4065
1554	4067
1555	4068
1556	4070
1557	4071
1558	4075
1559	4080
1560	4083
1561	4084
1562	4085
1563	4087
1564	4088
1565	4090
1566	4091	1451	1111	1122	2019	2054	892	791
1567	4094
1568	4101
1569	4104
1570	4105
1571	4106
1572	4107
1573	4111
1574	4114
1575	4116
1576	4125
1577	4126	2117
1578	4128
1579	4131
1580	4132
1581	4133
1582	4136	4844	4589	4077	5961	3307	3963	7289	6612	6487	2716	6539	3568	2697	3873	2726	2423	843	2824	807	3181	5264	1628	904	4000	3581	7295	7322	6255	5923	325	5066	4628	6527	343	543	662	1589	438	29	102	1958	273
1583	4137
1584	4138
1585	4140
1586	4141
1587	4143
1588	4144
1589	4148
1590	4149
1591	4156
1592	4157
1593	4159
1594	4160
1595	4161
1596	4162
1597	4163
1598	4164
1599	4165
1600	4166
1601	4171
1602	4173
1603	4175
1604	4179
1605	4183
1606	4186
1607	4188
1608	4189	6780	5878	1368	1014
1609	4194
1610	4195
1611	4199	5739	5155	3103	3295	2440	6184
1612	4201
1613	4202
1614	4203
1615	4204
1616	4209
1617	4210
1618	4211	5094	2986
1619	4214
1620	4217
1621	4219
1622	4223	3136	1069	4282
1623	4225
1624	4228
1625	4229
1626	4232
1627	4233
1628	4235
1629	4236	2666	5784	6505	421
1630	4238	1479
1631	4242
1632	4243
1633	4246
1634	4250	3545	4323	6662	6688	6517	5539	6026	2850	2118	347
1635	4251
1636	4252
1637	4254
1638	4256
1639	4261
1640	4262
1641	4263
1642	4271
1643	4275
1644	4278
1645	4280	1333	215	1609
1646	4283
1647	4286
1648	4289	987	6342	6813	436	3512	1539
1649	4290
1650	4293
1651	4294
1652	4299
1653	4300
1654	4301
1655	4302
1656	4307
1657	4308
1658	4310
1659	4311
1660	4314
1661	4315
1662	4320
1663	4322
1664	4326
1665	4329
1666	4330
1667	4333	2478	3866	711	5205	6245	1717
1668	4334
1669	4335
1670	4338
1671	4339
1672	4340	114	1512	1359	4260	2407	3895	525	4435	209	2169	3531	3090	3971	2021	1535	1101	2610	4215
1673	4346
1674	4349
1675	4350
1676	4353
1677	4356
1678	4357
1679	4359
1680	4360
1681	4361
1682	4367
1683	4368
1684	4369
1685	4370
1686	4371
1687	4372
1688	4373
1689	4375
1690	4378
1691	4383
1692	4385	3658
1693	4386
1694	4387
1695	4389
1696	4390
1697	4391
1698	4393
1699	4395
1700	4398
1701	4400	2528
1702	4403	6464
1703	4407
1704	4408
1705	4411
1706	4412
1707	4414
1708	4424
1709	4425
1710	4426
1711	4428
1712	4429
1713	4430
1714	4436
1715	4437
1716	4438	3989	1537
1717	4440
1718	4443	5305
1719	4445
1720	4447
1721	4448
1722	4451
1723	4452
1724	4455
1725	4459
1726	4461
1727	4462
1728	4463
1729	4464
1730	4465
1731	4466
1732	4468
1733	4469
1734	4471	5890	5805	4899	3493	211
1735	4473
1736	4478	596	3905
1737	4479
1738	4481
1739	4486
1740	4487
1741	4489
1742	4490
1743	4491
1744	4496
1745	4498
1746	4502
1747	4503
1748	4506
1749	4507
1750	4510
1751	4517
1752	4529
1753	4530
1754	4531
1755	4532
1756	4534
1757	4536
1758	4539	4963	6589
1759	4540
1760	4541
1761	4542
1762	4544
1763	4546
1764	4547
1765	4551
1766	4552
1767	4553
1768	4555
1769	4556
1770	4557
1771	4558
1772	4560
1773	4563
1774	4566
1775	4570
1776	4573
1777	4575
1778	4579
1779	4580
1780	4582
1781	4583
1782	4585
1783	4586	1871	4206
1784	4591
1785	4592
1786	4593
1787	4594	4419	6221	5006	2431	3888	3511	45	1091	1626
1788	4596
1789	4599	6745	6570
1790	4601
1791	4604
1792	4606
1793	4607
1794	4609
1795	4613	5893	929
1796	4614
1797	4615
1798	4616
1799	4617
1800	4619
1801	4624
1802	4625
1803	4626
1804	4629
1805	4630
1806	4633	7128	5677
1807	4635
1808	4636
1809	4638
1810	4640
1811	4643
1812	4645
1813	4647
1814	4649
1815	4653
1816	4655
1817	4656
1818	4657
1819	4659
1820	4663	3783	4766	1913
1821	4665
1822	4667
1823	4670
1824	4671
1825	4672
1826	4673
1827	4674
1828	4676
1829	4683
1830	4686
1831	4688	3221	4689	1498
1832	4690
1833	4692
1834	4693
1835	4695
1836	4702
1837	4704
1838	4708
1839	4709
1840	4710	6239
1841	4712
1842	4715
1843	4718
1844	4721
1845	4722	376
1846	4723
1847	4725
1848	4727
1849	4728
1850	4729
1851	4730
1852	4733	1160
1853	4737
1854	4738
1855	4741
1856	4743	3690	1869
1857	4748	3739
1858	4749
1859	4750
1860	4751
1861	4759
1862	4761
1863	4762
1864	4764
1865	4769
1866	4771
1867	4772
1868	4774
1869	4775	722	4208	2556
1870	4777
1871	4779
1872	4780
1873	4782
1874	4784
1875	4785
1876	4787
1877	4788
1878	4789
1879	4790
1880	4791
1881	4793
1882	4796
1883	4797
1884	4800	809	821	1338
1885	4802
1886	4803
1887	4804
1888	4806
1889	4811
1890	4812
1891	4813
1892	4814
1893	4817
1894	4818
1895	4819
1896	4822	3522
1897	4823
1898	4825
1899	4826
1900	4827
1901	4828
1902	4829
1903	4830
1904	4834
1905	4836	5284	4868	2319	673	4525	2403
1906	4840
1907	4841
1908	4845
1909	4846
1910	4847
1911	4848
1912	4850
1913	4852
1914	4857
1915	4858
1916	4869
1917	4871
1918	4873
1919	4877
1920	4879
1921	4888
1922	4889
1923	4893
1924	4895
1925	4901
1926	4903
1927	4904
1928	4908
1929	4909
1930	4913	5954	6322
1931	4917
1932	4919
1933	4920
1934	4922	4142	5376	5012
1935	4926
1936	4927
1937	4928
1938	4929	1969	6805	1172	4259	164
1939	4930
1940	4931
1941	4937
1942	4939
1943	4940	5646	5395	539
1944	4943
1945	4946
1946	4947
1947	4950	1481	5927	603	1762	2843	413	5617	965
1948	4952
1949	4955
1950	4956
1951	4957
1952	4958
1953	4959
1954	4961
1955	4966
1956	4970
1957	4971
1958	4973
1959	4975
1960	4976	5080	4696	6068	914	4511	778	4044	5061	4267	5420	2867	1794
1961	4977
1962	4979
1963	4980
1964	4982
1965	4989
1966	4990
1967	4992
1968	4994
1969	4995
1970	4997
1971	4998
1972	4999
1973	5002
1974	5003
1975	5007
1976	5009
1977	5010
1978	5011
1979	5013
1980	5016
1981	5018
1982	5019
1983	5021
1984	5022	2493	4379	998	694	287
1985	5025
1986	5027
1987	5029
1988	5030
1989	5033
1990	5035
1991	5036	5192	4245
1992	5037
1993	5040
1994	5041
1995	5043
1996	5044
1997	5045
1998	5048
1999	5052
2000	5054
2001	5056
2002	5058
2003	5063
2004	5069
2005	5071
2006	5072
2007	5073
2008	5074
2009	5076
2010	5081
2011	5082
2012	5084
2013	5086
2014	5089
2015	5092
2016	5093
2017	5097
2018	5099
2019	5100
2020	5101
2021	5102
2022	5104
2023	5105
2024	5108
2025	5111
2026	5112
2027	5113
2028	5114
2029	5115
2030	5116
2031	5117
2032	5119
2033	5120
2034	5123
2035	5124	3238	2360	236	1522	295
2036	5125
2037	5127
2038	5128
2039	5130
2040	5132
2041	5133
2042	5136
2043	5138
2044	5140
2045	5142
2046	5143
2047	5146
2048	5149
2049	5151
2050	5153
2051	5156
2052	5157
2053	5158
2054	5159
2055	5160
2056	5161
2057	5162
2058	5163
2059	5164
2060	5165
2061	5166
2062	5167
2063	5168
2064	5170
2065	5172
2066	5176
2067	5177
2068	5181
2069	5182
2070	5183
2071	5185
2072	5186
2073	5188
2074	5189
2075	5190
2076	5191
2077	5194
2078	5195
2079	5196
2080	5206
2081	5208	4342	3785	3715	1603	1927	220	12	15	2217	682	515	3742	729	2034
2082	5209
2083	5210
2084	5211
2085	5212
2086	5213
2087	5214
2088	5215	4951	800
2089	5216
2090	5217
2091	5219
2092	5221	5268	6769	5348	6402	7389	2413	2165	2488	4097	2699	2120	934	4886	4651	3729	3876	4792	1738	3837	916	4456	4122	4699	1639	292	2569	4480	5137	4095	4049	426	3974	2110	6890	4224	4031	4634	3932	5641	2079	3507	4392	5669	5525	6336	3676	5141	4732	5298	6317	576	4666	993	4820	4124	640	1970	574	3437	409	4227	1847	5568	5079	2251	1891	7147	4152	2300	5465	930	5966	6085	2805	4285	3573	3127	2463	1162	1503	3048	1061	2415	3579	1227	4187	5488	5459	2418	690	5454	323	2937	3935	5456	1096	709	520	4719	4703	3332	76	340	1533	5225	4059	1775	3011	4432	1380	18	3668	3705	2809	5090	4851	3733	4288	6040	5861	2606	5493	5472	3849	223	5419	5152	488	5078	6401	6568	7379	5599	5095	4668	2265	4418	3365	3169	4268	6804	5174	3174	2505	6558	4639	4685	1541	969	1398	345	6848	2810	6156	4944	6176	5261	777	2980	6758	2972	6011	4832	1645	1621	5668	5487	2227	5623	2304	5354	4291	4399	1348	2148	5402	6522	4074	4240	1087	572	1128	4010	803	1129	2354	946	4069	3648	260	829	2086	2964	824	5974	6942	5917	4135	4739	3517	3326	3514	4176	4181	3270	2741	2458	3678	2381	504	3434	101	1840	814	6033	7226	5997	4108	958	74	5788	2981	329	2629	4622	5572	2266	726	4915	5450	6860	5197	5790	3072	1756	2146	14	557	2135	120	1529	1233	353	2883	881	2685	4467	2730	5355	6947	992	5792	1196	4197	1045	5507	7279	6535	2761	6819	1492	2826	112	5874	541	3426	1485	1859	1139	3315	3672	2759	2099	142	2531	734	1815	5316	4885	1222	199	459	1813	2382	337	1706	5455	4911	3790	2640	5393	3722	1642	4449	4309	2978	3157	3305	2301	2102	5748	1917	2641	5251	3536	2388	1460	1007	2362	2207	1516	1335	1161	452	333	4987	6710	6169	4565	5201	6869	6147	2219	5607	4520	3212	4249	5085	6104	1392	4007	2692	3767	1034	3968	357	4102	5121	1360	2317	4897	970	4518	4441	3930	3165	3314	3258	1115	3359	3155	4120	1900	2703	6005	4312	885	3184	3412	3038	2584	2952	1881	2327	5055	1966	4941	571	243	6100	443	4377	1691	105	4508	4358	2267	153	415	2840	4079	482	1720	2740	688	171	1401	98	1965	3252	2899	1406	1103	1402	2806	714	2129	1027	5008	374	1432	1038	2953	3643	2487	442	618	2084	5754	1236	2455	3801	3813	842	3519	692	3201	3871	3852	3081	1405	546	484	232	511	4501	3632	3280	1253	2879	1074	1416	4388	221	1282	4352	4129	2452	4985	1434	1656	3023	4048	2674	1166	3631	22	508	1125	1384	3870	2983	6781	5827	7114	859	1143	5481	3886	1598	2371	1548	1259	701	2547	2974	4694	845	3986	4402	1400	3173	4894	1372	447	3402	2453	2886	90	1424	1992	1218	614	1995	4354	5982	2056	1343	388	604	109	1523	2465	1677	222	356	1663	664	893	359	240	641	365	299	302	7235	6308	6541	6061	4272	3734	4891	4057	1044	806	6292	6797	5870	1277	744	3662	1016	6392	4303	2363	1585	4319	3142	2015	3268	4092	1073	4986	3392	2419	3575	2635	42	234	1023	130	4247	4680	4047	4032	491	713	2823	469	509	2411	2652	5405	5263	3236	4716	2142	2784	3111	2512	3524	6365	1791	6055	3988	6529	1874	1562	5829	2212	5995	4241	2586	2963	4472	5648	5761	6370	3641	797	1223	4008	4543	1989	2856	2033	6580	6146	4453	3386	5374	3892	856	244	4237	5134	578	5734	6306	4013	2561	2081	1290	2020	6250	5702	6210	3203	7033	3321	5468	3147	3249	5519	4030	2844	1627	2466	473	7078	6234	6979	2777	6741	6666	5831	6761	802	4839	6498	4810	5308	3156	6056	6930	4364	4427	3274	6927	5913	1902	4765	5075	3650	5042	3094	3580	948	740	1311	736	2710	2862	2074	378	6020	5474	6200	5486	4799	2424	6961	6899	4321	4807	2022	2061	1331	6023	6446	6274	4328	5502	30	2035	3076	5475	3393	3872	3371	2966	844	5753	2425	5506	4856	921	4505	4754	4172	1041	1375	1015	3604	6119	5034	761	290	1550	1345	427	406	324	1003	3322	6083	7115	2711	2864	4212	5204	6470	3151	2720	2442	2316	1126	6286	5065	6058	2210	4864	40	4646	5783	1117	5952	4053	3858	4711	6096	4258	5945	3564	6205	4434	5226	2851	2229	5169	1167	1385	4522	5049	3183	2177	5062	3455	4076	4866	1211	6445	3279	4875	2834	1829	3033	3634	5218	1967	5023	4150	3311	6424	3140	2849	2659	4281	5098	5332	6262	5014	4493	3923	2192	3351	3008	6520	1961	2128	2932	6133	6375	5315	5404	5046	4500	6159	3041	3502	1105	1009	537	2438	1806	3389	5957	5624	1771	3680	400	2632	1640	3247	4460	4066	536	3067	1519	1171	1269	4691	6447	6876	6501	920	2857	465	6266	1506	2832	1937	5497	4978	4786	5228	3812	5272	4521	5494	3792	3049	6302	5277	6526	5638	3488	3225	136	2351	1430	3943	5749	5629	6714	380	685	5068	5541	3528	2252	398	890	2619	3318	113	1071	6674	3577	6451	3131	2296	2216	498	848	1882	1127	6552	5953	3550	3239	5841	5707	4641	1318	3400	4060	3936	4344	364	841	6610	3917	2709	6536	4874	2486	6080	5307	1838	1700	1231	3494	2393	1006	3766	3193	2408	1836	1606	5837	3482	4965	957	1369	1232	3918	850	2213	4497	3961	2833	741	1334	17	3271	3218	3523	737	410	3483	648	4991	3639	5346	2005	553	2592	4600	6071	5357	4382	4018	608	3996	2656	864	4734	6431	5613	1442	1012	5370	1669	2406	2876	2077	82	1174	67	5741	4545	289	271	4770	4610	2914	2973	2945	49	2204	1962	2538	853	4029	1377	5031	4168	3978	2835	255	503	3626	1822	5401	4110	5145	5662	5706	4918	4567	4332	4117	3558	1828	1599	2376	1054	4270	3158	913	5233	919	558	3726	3363	5418	2109	2100	1861	5873	122	2348	7181	4878	5699	6443	6152	3941	1844	238	6181	4381	1235	6042	5687	5766	1394	2998	5632	5193	453	2872	669	3294	150	2504	1219	6257	4935	6398	1536	3306	1769	6475	1673	3954	1754	2209	1583	3101	1263	2045	810	672	2727	6566	3921	3336	3814	2701	499	2025	765	439	708	1986	551	1313	884	34	2295	3605	3266	2246	3177	2941	3595	2396	4089	1230	1554	3635	5571	4406	6744	2101	2611	4345	492	5543	4884	5396	4526	1144	3325	2658	470	2676	2604	2804	1684	6344	4123	5701	5279	4515	3802	645	1660	647	7126	7066	1973	3107	3028	4731	6975	5464	4519	1990	1797	3384	6664	7171	2942	6386	3148	6712	2253	6010	4578	1724	6410	5349	4514	5534	3975	3344	4967	4760	3213	4969	4916	4910	2878	1268	2500	3024	6508	4720	6415	1624	1912	6390	5345	2905	3172	5645	5789	6278	3913	5363	4017	2503	2249	1936	5530	852	5242	5440	4742	2827	3257	1491	4492	2171	2078	3016	1666	1617	4572	1351	4253	322	4174	3693	3757	1164	1932	2693	1083	4677	1514	2308	2580	2329	5004	1255	1203	2315	2224	502	4698	2909	4170	2474	2787	2895	3868	1371	1802	1801	4366	2116	170	137	3372	1764	2752	1956	3036	936	3880	2532	3754	2339	1934	3116	631	4355	4266	3830	3375	3209	1647	833	1138	2507	1745	2195	2188	2773	1278	4740	2880	3091	2464	1204	1112	408	565	926	335	1601	2927	5586	5935	5887	1792	1637	3616	1695	2712	3442	1440	950	756	883	3088	1337	1999	891	336	1653	600	393	562	251	1301	3660	135	1800	3324	1649	3224	521	52	5001	4881	3924	4661	1518	1325	3456	1132	70	2565	1000	2228	1213	78	352	855	1784	103	2898	3561	3751	2446	851	1971	4422	1119	3539	2680	3378	146	2873	2729	4	4488	3202	3627	1137	1526	517
2093	5222
2094	5223
2095	5227
2096	5230
2097	5232
2098	5234	4182
2099	5235
2100	5236
2101	5240
2102	5241
2103	5243
2104	5245
2105	5248
2106	5252
2107	5253
2108	5257
2109	5258
2110	5259
2111	5262
2112	5266
2113	5267
2114	5270
2115	5271
2116	5273
2117	5274
2118	5275
2119	5276
2120	5280	3339	689
2121	5281
2122	5282
2123	5283
2124	5285
2125	5286
2126	5287
2127	5289
2128	5293
2129	5294
2130	5296
2131	5297
2132	5299
2133	5301	4495
2134	5302
2135	5303
2136	5306
2137	5310
2138	5311
2139	5312
2140	5318
2141	5319
2142	5320
2143	5324
2144	5325
2145	5327
2146	5328
2147	5330
2148	5334
2149	5336
2150	5337
2151	5338
2152	5340
2153	5341
2154	5343
2155	5344	1707
2156	5347
2157	5350
2158	5351
2159	5352
2160	5356
2161	5360
2162	5361
2163	5366
2164	5367
2165	5368
2166	5371
2167	5372
2168	5375
2169	5377
2170	5378
2171	5381
2172	5382
2173	5384
2174	5385
2175	5387
2176	5390
2177	5391
2178	5394
2179	5406	6609	1846	2633	1831	2443	1249	2049	2605	2907	5179	3919	5020	4981	5392	4713	68	727	4099	1827	2379	411	2012	2174	4948	6162	2721	4005	4169	6092	4274	169	1052	1920	5976	5552	5426	5398	3829	5981	5342	5032	5254	2662	1672	1002	2514	2196	73	349	3394	6016	3821	2866	6827	601	4949	917	3255	2686	3970	2877	3264	3692	2731	3089	4153	1757	5557	5880	5540	5184	2138	3953	1772	4365	1032	5400	6325	2155	4936	3629	4155	7030	7241	2783	6345	2614	3874	2386	716	2829	550	54	6247	1182	4669	5478	2714	6178	5835	3308	7084	6509	5833	5649	5515	1409	3887	4103	5411	5059	2897	3835	3713	4883	3819	1346	643	1287	5660	6459	5938	4863	4865	670	5715	4457	4317	1795	4559	4277	5047	2220	5304	6019	5594	547	3599	5471	2515	4343	2161	4701	3287	4587	2737	58	2520	3481	4198	4758	3253	3908	1964	1469	3066	368	719	1830	2175	828	2965	505	1699	184	1866	1843	1286	2509	217	33	6041	166	2625	5795	1158	6359	6339	5643	3625	5200	3407	3510	1376	264	3578	3538	5309	5444	4859	602	1582	1216	3373	5139	4119	1116	1195	2358	4838	4193	173	2767	1501	5876	1633	5024	4113	2755	2445	2434	3062	3791	6557	2349	1991	1851	1186	2330	1147	308	13	5000	6958	6324	2939	6631	5300	6341	3047	3104	6076	6279	2962	4675	4809	432	1183	4849	5122	1317	1867	185	156	279	1570	7346	6990	77	6595	6131	2603	5786	5924	6504	6229	5991	3320	1667	5911	4627	3674	1808	1555	4860	4816	2602	4571	2968	3361	2919	1928	1504	2616	3492	5096	3841	2821	1146	110	395	5358	3546	41	6607	3929	2145	3925	1153	1373	3744	4687	1413	4200	2812	2298	1949	1693	2190	754	2489	4167	1634	4855	3541	3374	1785	252	418	3042	1925	4284	5647	4831	5694	2062	151	2257	1443	1220	524	5665	2870	5512	3300	4504	4707	1148	2718	3486	83	2776	6943	5691	3285	6254	5403	4682	6114	5992	6089	4421	3659	5968	5679	1463	1768	1893	863	5778	5622	4923	638	3700	1224	5178	1448	4362	5549	5619	2482	4887	2028	5521	4602	3383	827	4384	6822	6956	4151	423	882	1265	339	1191	1078	1841	2391	3719	5470	6974	5896	5581	5383	4244	2346	2250	1947	4297	4953	3661	2768	1849	1820	6549	6715	5386	3758	2299	4458	4409	4096	3928	2542	3878	928	1712	1553	2982	964	854	4177	5321	1157	3704	5144	2655	62	149	6679	1940	3776	1228	2087	755	4933	3653	4892	4082	2713	4735	2003	5578	3199	4805	3002	764	1790	2006	486	3316	2390	1470	5295	2628	75	3208	3302	2743	2574	813	2245	4374	5560	1075	155	6025	2705	6153	5203	6150	2738	1776	911	4906	4781	1357	71	2410	702	3987	1931	6992	2394	2153	6816	2758	370	291	1743	5291	2156	3748	3752	407	763	48	377	3125	820	4401	4405	1382	3939	767	371	1710	5996	4773	6851	1922	4554	6935	985	1085	2708	5359	4052	3770	2076	1449	2324	846	2115	1110	3937	3397	2347	1723	4295	3827	2570	3555	4499	5238	3206	1099	706	3288	697	258	592	2601	5198	4337	5107	3977	3912	5380	4842	630	4833	1748	3598	2044	2163	3985	5559	385	3419	5742	1578	190	1711	2137	1243	3944	1914	3463	487	1177	3068	3516	2016	1107	857	6693	2950	2449	3879	2808	4269	5484	1093	4588	3702	293	3850	2494	4900	7034	6980	5353	6960	4631	5849	4747	2026	2282	1285	248	5244	2288	5604	2082	2916	6166	3737	2235	4477	3566	6806	6094	5848	665	5892	2786	4220	3366	3065	617	167	597	4423	6802	5746	179	285	1898	959	6955	4190	2677	5250	6157	1352	1534	5331	5313	4590	616	5322	1546	4658	4763	3559	1825	1487	1281	6	2	5131	1761	2763	241	1976	2264	3990	2969	3532	2733	1457	28	1586	4664	2405	1747	3078	1903	695	315	1894	3867	1468	2050	231	2158	3312	1942	4524	2925	4872	1810	6142	2226	4121	2059	2751	1210	4470	2689	895	133	2040	1202	3969	1755	300	99	1358	1262	9	366	288	981
2180	5407
2181	5408
2182	5409
2183	5410
2184	5412
2185	5414
2186	5415
2187	5416
2188	5417
2189	5422
2190	5423
2191	5424
2192	5425
2193	5427
2194	5428
2195	5430
2196	5432
2197	5433
2198	5434
2199	5435
2200	5436
2201	5437
2202	5441
2203	5442
2204	5443
2205	5445
2206	5446
2207	5448
2208	5449
2209	5451
2210	5452
2211	5457
2212	5458
2213	5460
2214	5461
2215	5462
2216	5463
2217	5466
2218	5467
2219	5469
2220	5476
2221	5477
2222	5479
2223	5482	3121	5135	3166	566
2224	5483
2225	5485
2226	5489
2227	5490
2228	5491
2229	5492
2230	5496
2231	5498
2232	5500
2233	5501
2234	5505
2235	5508
2236	5509
2237	5510
2238	5511
2239	5513
2240	5514
2241	5516
2242	5520
2243	5522
2244	5524
2245	5526
2246	5527
2247	5528
2248	5531
2249	5533
2250	5536
2251	5538
2252	5542
2253	5544	4783
2254	5545
2255	5546
2256	5548
2257	5550
2258	5551
2259	5553
2260	5554
2261	5555
2262	5556
2263	5558
2264	5562
2265	5564
2266	5569	3894	5680
2267	5570
2268	5574
2269	5576
2270	5577
2271	5580	6871	5794	5015	7068	999	1538
2272	5583
2273	5585
2274	5587
2275	5588
2276	5591
2277	5592
2278	5593	4697	6358	4072	6671	7228	3952	519	1106	3447	3117	5575	5329	5087	402	3298
2279	5595
2280	5596	5362	3227	1868	4027
2281	5597
2282	5601	450	5718	994
2283	5602
2284	5605
2285	5606
2286	5610
2287	5614
2288	5615
2289	5616
2290	5618
2291	5620
2292	5621
2293	5625
2294	5626
2295	5627
2296	5630
2297	5631
2298	5633
2299	5634
2300	5635
2301	5636
2302	5639
2303	5640
2304	5642
2305	5644
2306	5651
2307	5654
2308	5655	6399	5967	1722	2098	1566	3
2309	5656
2310	5657
2311	5658
2312	5659
2313	5661
2314	5663
2315	5664
2316	5666
2317	5667
2318	5670
2319	5671
2320	5672	2326
2321	5675
2322	5676
2323	5678
2324	5681
2325	5682
2326	5683
2327	5685
2328	5686
2329	5688
2330	5689
2331	5690
2332	5693	1254	6192	866	5249	2269
2333	5695
2334	5698
2335	5700
2336	5704
2337	5708
2338	5710
2339	5712
2340	5714
2341	5717
2342	5720
2343	5721
2344	5723
2345	5724
2346	5725
2347	5726
2348	5727
2349	5728
2350	5729
2351	5730
2352	5731
2353	5733
2354	5735
2355	5736
2356	5737
2357	5738
2358	5740
2359	5743
2360	5744
2361	5745
2362	5750
2363	5751
2364	5752
2365	5755
2366	5756
2367	5757
2368	5758
2369	5760
2370	5763
2371	5764
2372	5767	6364	6441	2845	5732	2013	1944	464	6725	5567	3163	2447	939	3410	535	2537	5532	5148	3210	3057	2154	3966	4494	2083	2097	4331	2529	3409	2454	4603	2855	4185	4264	4620	3593	37	3153	2131	1558	3798	4912	5523	5247	658	6463	6530	5970	2519	3341	4921	5765	3608
2373	5769
2374	5770	5050	3542
2375	5772
2376	5773
2377	5775
2378	5776
2379	5777
2380	5779
2381	5781
2382	5782
2383	5785	396	1901
2384	5787
2385	5791
2386	5793
2387	5796
2388	5797
2389	5798	6185
2390	5799
2391	5801
2392	5802
2393	5807
2394	5808
2395	5809
2396	5810
2397	5811
2398	5812
2399	5814
2400	5815
2401	5816
2402	5817
2403	5818
2404	5820
2405	5821
2406	5822
2407	5823
2408	5824
2409	5825
2410	5826
2411	5828
2412	5830
2413	5832
2414	5838
2415	5839
2416	5840
2417	5842
2418	5843
2419	5845
2420	5846
2421	5847	461	5480
2422	5850
2423	5852
2424	5853
2425	5854
2426	5856
2427	5857
2428	5858
2429	5860
2430	5862
2431	5863
2432	5864
2433	5866
2434	5867
2435	5869
2436	5871
2437	5872
2438	5877
2439	5879
2440	5881
2441	5882
2442	5884
2443	5885
2444	5889
2445	5891
2446	5895	3931	6433	5944	4938	3904	326	2501	5768	1324	4862	1778	7056	5703	6760	6391	2954	5150	1753	2136	4226	6708	2096	3082	6372	5229	5713	4753	5844	4568	6627	6754	3385	5413	2462	4216	4205	952	2036	2031	35	104	2929	2757	489	1864	2291	2448	1221	1332	5650	4984	4632	1011	4306	6366	7245	6583	4147	4736	2420	1850	6902	6065	460	5239	783	2279	106	3759	2933	1134	4184	776	1835	1294	228	4292	4273	2780	141	1632	3034	2754	1980	4257	3430	2894	2208	296	2593	1863	901	933	226	212	2225	7165	5711	4974	2795	4584	5231	1272	1104	1314	3132	2985	1176	3289	1744	876	4341	5673	907	3699	3480	1508	3129	3470	1779	3376	894	3586	1528	3416	3070	1879	2548	1266	2147	506	522	769
2447	5897
2448	5898
2449	5899
2450	5900
2451	5901
2452	5902
2453	5903	4726	1676	2262	3504
2454	5905
2455	5906
2456	5907	5369	4932	6743	5088	731
2457	5908
2458	5909
2459	5910
2460	5912
2461	5914
2462	5915
2463	5919
2464	5920
2465	5921
2466	5922
2467	5926
2468	5929
2469	5930
2470	5931
2471	5932
2472	5933
2473	5936
2474	5937
2475	5939
2476	5940
2477	5941	799
2478	5942	2766
2479	5943	5719
2480	5946
2481	5947
2482	5948
2483	5949
2484	5950
2485	5951
2486	5955
2487	5956
2488	5958
2489	5959
2490	5960
2491	5962
2492	5963
2493	5964
2494	5965
2495	5969
2496	5971
2497	5973
2498	5977
2499	5978
2500	5979
2501	5980
2502	5983
2503	5985
2504	5986
2505	5987
2506	5988
2507	5989
2508	5990
2509	5993
2510	5994
2511	5998
2512	5999
2513	6001
2514	6002	5278	5290
2515	6003
2516	6004
2517	6006
2518	6007
2519	6008
2520	6009
2521	6012
2522	6013
2523	6014
2524	6017
2525	6018
2526	6021
2527	6022
2528	6024
2529	6027
2530	6028
2531	6029
2532	6032	4513	1819	1897	5925
2533	6034
2534	6036
2535	6037
2536	6038
2537	6039
2538	6043
2539	6044
2540	6046
2541	6047
2542	6048
2543	6050
2544	6051
2545	6052
2546	6053
2547	6054
2548	6059	5692	4433	4086
2549	6060	2490	2485	1950	4574	1842	208	1342	313	91	760	2521	25	334	1727	1773	458
2550	6064
2551	6066
2552	6067
2553	6069
2554	6072
2555	6073
2556	6075
2557	6077
2558	6078	235	3778	5637	4093	4652	4644	908	3624	3651	1188	2553	540	3647	3490	3618	1059	1643	3226	3864	2627	4055	3468	1141	2525	879	3429	1165	2860	3622	2123	1329	588	1613	4988	2359	321	338
2559	6079	1483	2108	6090	2293	2803	316	5579	253
2560	6081
2561	6084
2562	6086
2563	6087
2564	6088
2565	6091
2566	6093
2567	6095
2568	6097
2569	6098
2570	6099
2571	6102
2572	6103
2573	6105
2574	6106
2575	6107
2576	6108	2205
2577	6109
2578	6111
2579	6112
2580	6113
2581	6117
2582	6118
2583	6120
2584	6122
2585	6123
2586	6124
2587	6125
2588	6126
2589	6127
2590	6129
2591	6130
2592	6132
2593	6134
2594	6135
2595	6136
2596	6137
2597	6138
2598	6140	65	2105	1525	1955
2599	6141
2600	6143
2601	6144
2602	6148	5421	4485
2603	6149
2604	6151
2605	6154
2606	6155
2607	6158
2608	6160
2609	6161
2610	6163
2611	6164
2612	6165
2613	6167
2614	6168
2615	6170
2616	6172
2617	6173
2618	6174
2619	6175
2620	6177
2621	6182
2622	6183
2623	6186
2624	6187
2625	6188
2626	6189	4516
2627	6191
2628	6193
2629	6194
2630	6195
2631	6196
2632	6197
2633	6198
2634	6199
2635	6201
2636	6202
2637	6203
2638	6204
2639	6206
2640	6207
2641	6208
2642	6209
2643	6212
2644	6214
2645	6215
2646	6216
2647	6217
2648	6219
2649	6220
2650	6222
2651	6223	1393
2652	6226
2653	6228
2654	6230
2655	6231	4537	2007	3569
2656	6232
2657	6233
2658	6236
2659	6237
2660	6238
2661	6240
2662	6241
2663	6242
2664	6243
2665	6244
2666	6246
2667	6249
2668	6251
2669	6252
2670	6253
2671	6256
2672	6259
2673	6260
2674	6261
2675	6265	4778
2676	6267
2677	6269
2678	6270
2679	6271
2680	6272
2681	6273
2682	6275
2683	6276
2684	6277
2685	6280
2686	6281
2687	6282
2688	6285
2689	6287
2690	6289
2691	6290
2692	6293
2693	6294
2694	6296
2695	6297
2696	6298
2697	6299
2698	6300
2699	6301
2700	6304
2701	6305
2702	6307
2703	6309
2704	6310
2705	6313
2706	6314
2707	6315
2708	6316
2709	6319	953	940
2710	6320
2711	6323
2712	6326
2713	6327
2714	6329
2715	6330
2716	6331
2717	6332
2718	6333
2719	6334
2720	6335
2721	6337
2722	6338
2723	6340	5771	910	5859	830	2133
2724	6343
2725	6346
2726	6347
2727	6348
2728	6349
2729	6350
2730	6351
2731	6352
2732	6353
2733	6354
2734	6355
2735	6360
2736	6362
2737	6363
2738	6367
2739	6368
2740	6371
2741	6374
2742	6376
2743	6377
2744	6378
2745	6380
2746	6381	4196	3290
2747	6382
2748	6383
2749	6384
2750	6385
2751	6387
2752	6388
2753	6393
2754	6394
2755	6395
2756	6397
2757	6400
2758	6403
2759	6404
2760	6407
2761	6408
2762	6409
2763	6411
2764	6412
2765	6413
2766	6414
2767	6416
2768	6417
2769	6418
2770	6419
2771	6420
2772	6421
2773	6422
2774	6423
2775	6425	6303	5339	651
2776	6427
2777	6428
2778	6429
2779	6430
2780	6432
2781	6434
2782	6435
2783	6436
2784	6437
2785	6439
2786	6440
2787	6442
2788	6444
2789	6448
2790	6449
2791	6450
2792	6452
2793	6453
2794	6455
2795	6456
2796	6457
2797	6460
2798	6461
2799	6462
2800	6465
2801	6467
2802	6469
2803	6471
2804	6472
2805	6473
2806	6474
2807	6476
2808	6477
2809	6478
2810	6479
2811	6480
2812	6481
2813	6482
2814	6483
2815	6484
2816	6485
2817	6486
2818	6488
2819	6489
2820	6490
2821	6491
2822	6492
2823	6493
2824	6494
2825	6495
2826	6496
2827	6497
2828	6499
2829	6500
2830	6502
2831	6503
2832	6506
2833	6507
2834	6511
2835	6512
2836	6513
2837	6514
2838	6515
2839	6516
2840	6518	847
2841	6521
2842	6525
2843	6528
2844	6531
2845	6532
2846	6533
2847	6534
2848	6538
2849	6540
2850	6542
2851	6544
2852	6545
2853	6546
2854	6547
2855	6548
2856	6550
2857	6551
2858	6553
2859	6554
2860	6556
2861	6559
2862	6560
2863	6561
2864	6562
2865	6563
2866	6564
2867	6565
2868	6567
2869	6569
2870	6571
2871	6572
2872	6573
2873	6574
2874	6575
2875	6576
2876	6577
2877	6579
2878	6581
2879	6582
2880	6584
2881	6585
2882	6586	1736	2725	1496	19	3773	6225
2883	6587
2884	6588
2885	6590
2886	6591
2887	6594
2888	6596
2889	6597
2890	6599
2891	6601
2892	6602
2893	6603
2894	6604
2895	6605
2896	6608
2897	6611
2898	6613
2899	6615
2900	6616
2901	6617
2902	6618
2903	6619
2904	6620
2905	6621
2906	6622
2907	6623
2908	6624
2909	6625
2910	6628
2911	6629
2912	6630
2913	6632
2914	6634
2915	6635
2916	6637
2917	6639
2918	6640
2919	6641
2920	6642
2921	6643
2922	6644
2923	6645
2924	6646
2925	6649
2926	6651
2927	6652
2928	6653
2929	6654
2930	6655
2931	6656
2932	6657
2933	6658
2934	6659
2935	6660
2936	6661
2937	6665
2938	6667
2939	6668
2940	6670
2941	6672
2942	6673
2943	6675
2944	6676
2945	6678
2946	6680
2947	6681
2948	6682	1207	1629	3590	2106	2698	4550	1856	1596	1895
2949	6683
2950	6684
2951	6685
2952	6686
2953	6689
2954	6690
2955	6691
2956	6692
2957	6694	6699	1615	5518	5972	6971	5868	5883	4474	3649	5091	1030	6861	3753	6074	4757	5529	6695	3171	1441	986	4351	2255	6369	5888	5246	6650	5589	6776	1924	1692
2958	6696
2959	6697
2960	6700
2961	6701
2962	6702
2963	6704
2964	6705
2965	6706
2966	6707
2967	6709
2968	6711
2969	6713
2970	6716
2971	6717
2972	6719
2973	6720
2974	6721
2975	6722
2976	6723	2970	6543	4318
2977	6724
2978	6726
2979	6727
2980	6728
2981	6729
2982	6730
2983	6731
2984	6732
2985	6733
2986	6734
2987	6735
2988	6736
2989	6737
2990	6738
2991	6739
2992	6740
2993	6742
2994	6746
2995	6747
2996	6749
2997	6750
2998	6751
2999	6752
3000	6753
3001	6755
3002	6756
3003	6757
3004	6759
3005	6762
3006	6764
3007	6765
3008	6766
3009	6767
3010	6768
3011	6770
3012	6771
3013	6773
3014	6774
3015	6775
3016	6777
3017	6778
3018	6779
3019	6782
3020	6784
3021	6785
3022	6786
3023	6788
3024	6789
3025	6790
3026	6793
3027	6794
3028	6795
3029	6796
3030	6798
3031	6799
3032	6801
3033	6803
3034	6808
3035	6809
3036	6810
3037	6811
3038	6812
3039	6814
3040	6815
3041	6817
3042	6818
3043	6820
3044	6821
3045	6823
3046	6824
3047	6825
3048	6826
3049	6828
3050	6829
3051	6830
3052	6832	3780	2819
3053	6833
3054	6835
3055	6836
3056	6837
3057	6838
3058	6839
3059	6840
3060	6841
3061	6843
3062	6844
3063	6845
3064	6846
3065	6847
3066	6849
3067	6850
3068	6853
3069	6854
3070	6855
3071	6856
3072	6857
3073	6858
3074	6859
3075	6862
3076	6863
3077	6864
3078	6865
3079	6866
3080	6867
3081	6868
3082	6870
3083	6872	6555
3084	6873	4576	7166	6406	4397	6807	6396	4248	6179	2930	991	5590	6636	4509	3484	2576	2151	6145	6115	6284	6373	3896	2984	7069	7058	6510	5800	5886	1114	995	1053	5126	2203	888	1225	1729	3037	4880	6082	5083	3548	5803	389	430	3176	4348	474	6070	5292	1170	2057	5611	3505	3903	2744	3331	2846	3267	4146	3453	381	6180	2639	2991	5431	4039	3496	4608	3902	3716	1978	3582	3106	3215	2621	2473	625	599	721	3031	4996	2261	840	214	265	1092	1365	812	637	392	2649	2306	739	3317	3869	915	6687	1597	5780	3994	6318	5057	4413	1954	837	1652	3329	1423	2030	3113	2042	4287	3788	808	5697	5447	3342	2318	422	216	639	2202	2975
3085	6875
3086	6877
3087	6878
3088	6879
3089	6881
3090	6883
3091	6884
3092	6885
3093	6886
3094	6887
3095	6888
3096	6889
3097	6891
3098	6892
3099	6894
3100	6895
3101	6896
3102	6897
3103	6898
3104	6900
3105	6901
3106	6904
3107	6905
3108	6906
3109	6908
3110	6910
3111	6911
3112	6912
3113	6913
3114	6914
3115	6915
3116	6916
3117	6917
3118	6918
3119	6919
3120	6920
3121	6921
3122	6922
3123	6923
3124	6925
3125	6926
3126	6928
3127	6929
3128	6931
3129	6932
3130	6933
3131	6934
3132	6936
3133	6937
3134	6938
3135	6939
3136	6940
3137	6941
3138	6944
3139	6945
3140	6946
3141	6948
3142	6950
3143	6951
3144	6953
3145	6957
3146	6959
3147	6962
3148	6963
3149	6964
3150	6965
3151	6966
3152	6967
3153	6968
3154	6969
3155	6970
3156	6972
3157	6973
3158	6976
3159	6977
3160	6981
3161	6982
3162	6983
3163	6984
3164	6985
3165	6986
3166	6987
3167	6988
3168	6989
3169	6991
3170	6993
3171	6994
3172	6995
3173	6996
3174	6997
3175	6998
3176	6999
3177	7000
3178	7001
3179	7002
3180	7003
3181	7004
3182	7005
3183	7006
3184	7007
3185	7008
3186	7010
3187	7011
3188	7012
3189	7014
3190	7015
3191	7016
3192	7017	5609	5288	5051	1446	2356
3193	7018
3194	7019
3195	7020
3196	7021
3197	7022
3198	7023
3199	7024
3200	7025
3201	7026
3202	7027
3203	7028
3204	7029
3205	7031
3206	7032
3207	7035
3208	7036
3209	7037
3210	7038
3211	7039
3212	7040
3213	7041
3214	7042
3215	7043
3216	7044
3217	7045
3218	7046
3219	7047
3220	7048
3221	7049
3222	7050
3223	7051
3224	7052
3225	7053
3226	7054
3227	7055
3228	7057
3229	7059
3230	7061
3231	7062
3232	7063
3233	7064
3234	7065
3235	7067
3236	7070
3237	7071
3238	7072
3239	7073
3240	7074
3241	7075
3242	7076
3243	7077
3244	7079
3245	7080
3246	7081
3247	7082
3248	7083
3249	7085
3250	7086
3251	7087
3252	7088
3253	7089
3254	7090
3255	7091
3256	7092
3257	7093
3258	7094
3259	7096
3260	7097
3261	7098
3262	7099
3263	7100
3264	7101
3265	7102
3266	7103
3267	7104
3268	7105
3269	7106	5584	2368
3270	7107
3271	7109
3272	7110
3273	7111
3274	7112
3275	7113
3276	7116
3277	7117
3278	7118
3279	7119
3280	7120
3281	7121
3282	7122
3283	7123
3284	7124
3285	7125
3286	7127
3287	7129
3288	7130
3289	7131
3290	7132
3291	7133
3292	7134
3293	7135
3294	7136
3295	7137
3296	7138
3297	7139
3298	7140
3299	7141
3300	7142
3301	7143
3302	7144
3303	7145
3304	7146
3305	7148
3306	7149
3307	7150
3308	7151
3309	7152
3310	7153
3311	7154
3312	7155	3003	4717	666	3597
3313	7156
3314	7157
3315	7158
3316	7159
3317	7160
3318	7161
3319	7162
3320	7163
3321	7164
3322	7167
3323	7168
3324	7169
3325	7170
3326	7172
3327	7173
3328	7174
3329	7175
3330	7176
3331	7177
3332	7178
3333	7179
3334	7180
3335	7183
3336	7184
3337	7185
3338	7186
3339	7187
3340	7188
3341	7189
3342	7190
3343	7191
3344	7192
3345	7193	4535	4650	3098	2344	1763	1476	1821	6882	4564	1051	2389
3346	7194
3347	7195
3348	7196
3349	7197
3350	7198
3351	7199
3352	7200
3353	7201
3354	7202
3355	7203
3356	7204
3357	7205
3358	7206
3359	7207
3360	7208
3361	7209
3362	7210
3363	7211
3364	7212
3365	7213
3366	7214
3367	7215
3368	7216
3369	7217
3370	7218
3371	7219
3372	7220
3373	7221
3374	7222
3375	7223
3376	7224
3377	7225
3378	7227
3379	7229
3380	7230
3381	7231
3382	7232
3383	7233
3384	7234
3385	7236
3386	7237
3387	7238
3388	7239
3389	7240
3390	7242
3391	7243
3392	7244
3393	7246
3394	7247
3395	7248
3396	7249
3397	7250
3398	7251
3399	7252
3400	7253
3401	7254
3402	7255
3403	7256
3404	7257
3405	7258
3406	7259
3407	7260
3408	7261
3409	7262
3410	7263
3411	7264
3412	7265
3413	7266
3414	7267
3415	7268
3416	7269
3417	7270
3418	7271
3419	7272
3420	7273
3421	7274
3422	7275
3423	7276
3424	7277
3425	7278
3426	7280
3427	7281
3428	7282
3429	7283
3430	7284
3431	7285
3432	7286
3433	7287
3434	7288
3435	7290
3436	7291
3437	7292
3438	7293
3439	7294
3440	7296
3441	7297
3442	7298
3443	7299
3444	7300
3445	7302
3446	7303
3447	7304
3448	7305
3449	7306
3450	7307
3451	7308
3452	7309
3453	7310
3454	7311
3455	7312
3456	7313
3457	7314
3458	7315
3459	7316
3460	7317
3461	7318
3462	7319
3463	7320
3464	7321
3465	7323
3466	7324
3467	7325
3468	7326
3469	7327
3470	7328
3471	7329
3472	7330
3473	7331
3474	7332
3475	7333
3476	7334
3477	7335
3478	7336
3479	7337
3480	7338
3481	7339
3482	7340
3483	7341
3484	7342
3485	7343
3486	7344
3487	7345
3488	7347
3489	7348
3490	7349
3491	7350
3492	7351
3493	7352
3494	7353
3495	7354
3496	7355
3497	7356
3498	7357
3499	7358
3500	7359
3501	7360
3502	7361
3503	7362
3504	7363
3505	7364
3506	7365
3507	7366
3508	7367
3509	7368
3510	7369
3511	7370
3512	7371
3513	7372
3514	7373
3515	7374
3516	7375
3517	7376
3518	7377
3519	7378
3520	7380
3521	7381
3522	7382
3523	7383
3524	7384
3525	7385
3526	7386
3527	7387
3528	7388
3529	7390
3530	7391
3531	7392
3532	7393
3533	7394
3534	7395
3535	7396
3536	7397
3537	7398
3538	7399
3539	7400
3540	7401
3541	7402
3542	7403
3543	7404
3544	7405
3545	7406
3546	7407
3547	7408
3548	7409
3549	7410
3550	7411
3551	7412
3552	7413
3553	7414
3554	7415
3555	7416
3556	7417
3557	7418
3558	7419
3559	7420
3560	7421
3561	7422
3562	7423
3563	7424
3564	7425
3565	7426
3566	7427
3567	7428
