0	0
1	7
2	8
3	15
4	16	4924	3983	5309	6598	6698	6345	5059	1366	5515	1870	5144	148	3887	4103	2386	3700	4177	4892	1224	3343	964	1157	5321	854	2655	1579	5499	3945	1390	563	149	7084	6509	5833	5398	721	1790	3629	6438	5855	4883	764	2614	1346	716	7030	7241	2783	2829	2524	550	5976	5552	6041	5426	4936	2662	3829	5254	2155	2196	3819	5032	2514	131	5795	1158	1672	643	1002	1553	4082	2299	4458	4297	3758	2713	2003	27	62	7229	2250	6019	5409	5778	5565	4071	757	5594	547	4446	2113	5581	6974	5896	4735	2391	4244	5383	2346	5386	6549	6715	5471	4659	6679	1940	3776	1228	4933	3653	755	2885	5759	2661	6677	5392	4713	4421	2907	2174	3278	3708	2087	2049	5179	5020	4981	3299	3919	605	139	68	727	6557	5411	2737	3835	2897	770	1896	2767	2534	3287	3398	283
5	17
6	18	973	4700
7	20
8	21
9	23	2634	3839	785	2023
10	24
11	26
12	34
13	36
14	37
15	38
16	44	6403	1261
17	50
18	51	4234	2842	245	5070	2181	1217
19	53
20	54
21	55
22	56	6361	3698	4100	1453
23	57
24	60
25	66
26	67	5741	4545
27	72	1563	3263	3254
28	73
29	79
30	81
31	84
32	86
33	87
34	88
35	92
36	93
37	95
38	97
39	98
40	100
41	102
42	105
43	108
44	115
45	117
46	121
47	123
48	126
49	128	192	856
50	129
51	130
52	132
53	134
54	142
55	144
56	146
57	152
58	154
59	156
60	157
61	159
62	160
63	162
64	163
65	165
66	166
67	168
68	172
69	173
70	176
71	177
72	188
73	191
74	193
75	194
76	196
77	197
78	198
79	200
80	205
81	206
82	210
83	213	4134	3661	4953	6231	184	5649	6359	6339	5643	3625	3510	1376	3407	5200	1582	602	4113	3692	4229	5444	3578	4859	3538	5154	2731	4758	3253	3791	2938	1991	2349	2330	1851	1186	1221	4365	1032	5304	4737	3874	3454	4343	3481	2161	2556	1964	1147	1699	4455	3718
84	218
85	222
86	225
87	227
88	230
89	231
90	233
91	235
92	238
93	239	6387	4695	3425	917	1869	2684	2679	5178	1644	1569
94	242
95	246	366	300	99	1358	9
96	247
97	249
98	250	4756	1411	759	2794
99	252
100	254	4611	5813	3908
101	256
102	259
103	261
104	263
105	264
106	266
107	268
108	269
109	270
110	271
111	272
112	273
113	274
114	275
115	278
116	279
117	280
118	284
119	287
120	288
121	294
122	298
123	301
124	303
125	304
126	305
127	306
128	309
129	310
130	311
131	312
132	315
133	318
134	320
135	321	4988	2359
136	324
137	325
138	327
139	328
140	330
141	337
142	338
143	340
144	341	1216	2077	82	289
145	344
146	348
147	349
148	350
149	356
150	362
151	363	2090	4726	548	531	2827	3180	565
152	373
153	374	3072	6156	2810	6848	4944	6176	2953
154	379
155	383
156	384
157	386
158	390
159	391
160	394
161	395	83	485	64
162	396
163	397
164	405
165	406	5277	4521	1471	5494
166	410
167	412
168	414
169	416
170	417
171	423
172	427
173	428
174	431
175	437	732	5746	6802	4126	2117	179	6166	6955	4190	3328	1352	5331	6157	4590	5313	5250	3737	4692	616	753	1898	5131	1761	2763	1457	285	4976	778	4044	6068	600	393	4658	5322	4763	3559	1281	6806	6094	6980	1487	6	342	2	536	3990	3532	2969	1976	2733	976	5892	2786	2492	183	118	28	5604	2677	2235	4477	3566	1534	665	167	241	11	2082	597	293	2916
176	441
177	442	3252	455	2899	1406
178	443
179	444
180	446
181	447
182	451
183	453	5193
184	457
185	458
186	459
187	463
188	475
189	476
190	477	6389	3906	2645
191	478
192	479
193	480
194	481
195	483
196	486
197	493
198	495	1212	2321	2144
199	497
200	500
201	507
202	511
203	513	4439	3431
204	514	2519	3380	5252	1232
205	515
206	516
207	518	2558	1050
208	527
209	528
210	529
211	530
212	532
213	533
214	534
215	544	403	3642	2307	3452
216	549
217	551
218	554
219	555
220	556
221	560
222	562
223	564
224	568
225	570
226	573
227	575
228	577
229	579
230	580
231	585
232	586
233	587
234	588
235	591	332
236	593
237	594
238	596	4478	3905
239	603
240	609
241	611	333	2168	2705	1776
242	612
243	614
244	619
245	620	2178	2232	351
246	623
247	624
248	626	5256	5237	1119
249	627
250	629
251	633
252	634
253	635	220	1927	12	886
254	636
255	642
256	644
257	646
258	649
259	653
260	654
261	655
262	657
263	658
264	663
265	667
266	676
267	680
268	682
269	686
270	691
271	693
272	696	677
273	698
274	700
275	702
276	707
277	714
278	717
279	719	2965	505	377	3987	3752	1245	5291	2156	3748	407	763	2394	6992	6816	2758	370	1931	1743	2153	291	1710	3125	743	820	48
280	723
281	724
282	729	3742
283	730
284	734	2266	2135	557	14	1233	120
285	735
286	742
287	745
288	746
289	749
290	752	61	2124	138
291	756
292	758
293	760
294	762
295	766
296	767
297	768
298	771
299	772
300	774
301	775
302	781
303	782
304	784
305	786
306	787
307	788
308	790
309	792	1152	2320	582
310	793
311	794
312	795
313	798
314	799
315	801
316	804
317	807
318	808
319	810
320	811
321	815
322	816
323	817
324	822
325	823
326	826
327	827
328	831
329	832	671	1444	355
330	836
331	841
332	844	4425
333	845	3262	1643
334	847
335	852
336	855
337	858
338	859	6781	2983	3870	7114	5827	2123	1548
339	860
340	862	2313	3934	3657	6291
341	865
342	868
343	870
344	874
345	875
346	877	3957
347	878
348	880
349	887
350	889
351	894	5420	4267	2867	1794	914	4511	4696	5080	630
352	896
353	898	297	1689	1899	1397	651	2715
354	899
355	900	1429	3607
356	902
357	905	2425
358	909
359	912
360	918
361	920
362	921
363	924
364	929	4613	5893
365	934
366	937
367	938
368	940
369	944
370	945
371	949
372	950
373	951
374	953
375	954
376	956
377	959	2543
378	960
379	962
380	967
381	970
382	971
383	972
384	975
385	978
386	982	2297	2341	6924	6288	1013	4907	1732
387	983
388	984
389	988
390	989
391	994	3059	1218	450	5718	5601	214
392	998	4379	5022	2493	694
393	1001
394	1004
395	1006
396	1008
397	1016
398	1017
399	1019
400	1020
401	1021
402	1022
403	1024	2499
404	1026
405	1027
406	1031
407	1035
408	1036
409	1039	789
410	1042
411	1043
412	1046	943
413	1049	1274
414	1056
415	1057
416	1060
417	1064
418	1065	3479	2979	3947	3175	4492
419	1066
420	1068
421	1070
422	1071
423	1072
424	1074
425	1076
426	1079
427	1081	211	5805	4899	5890	4471	3493	388
428	1082
429	1085
430	1088
431	1089
432	1091
433	1093	5484
434	1094
435	1095
436	1097
437	1098
438	1100
439	1103
440	1108
441	1111
442	1113
443	1114
444	1117
445	1118
446	1123
447	1125
448	1131
449	1135
450	1136
451	1138	295	2360	236	3238	1522
452	1140
453	1141
454	1142
455	1143	2964	2086	829
456	1151
457	1154
458	1156
459	1159
460	1165
461	1168
462	1169
463	1173
464	1174
465	1178
466	1179
467	1180
468	1181
469	1182
470	1184
471	1185
472	1188
473	1189
474	1190	5439	4450	4824
475	1192
476	1193
477	1194
478	1195
479	1201
480	1202
481	1203	2315
482	1205
483	1208
484	1209
485	1210	2689	2837	4470	2751	2040	895
486	1211
487	1215
488	1223
489	1226
490	1231
491	1234
492	1235	4381	2998
493	1236
494	1240
495	1241
496	1242
497	1243
498	1251
499	1252
500	1254	6192	5693	866	5249	2269	1546
501	1256
502	1260
503	1264
504	1265	1731
505	1267
506	1269
507	1273
508	1275
509	1276
510	1279
511	1280
512	1283	4347	3946
513	1286
514	1287
515	1289
516	1291
517	1292
518	1293
519	1296
520	1297	1779	4773	6851	1922
521	1298
522	1299
523	1300
524	1303
525	1305
526	1306
527	1307
528	1308
529	1309	4651	4122	4456
530	1312	6687	3869	1597	915	6318	5057	1954	3994	2042	4413	3788	837	2284	4287	5697	5780	5041	5447	3342	3113	2030	1652	2318	639	216	422	3329	1423	1502
531	1314
532	1315
533	1319
534	1320
535	1321
536	1325	4661	1132	5001	4881	3924	3456	70	1446	5609	7017	4594	2417	2565	1000	1316	2308	1594	352	1626	6792	1213	78
537	1327
538	1328
539	1336
540	1339
541	1340
542	1341
543	1350
544	1353
545	1354
546	1355
547	1356
548	1357
549	1362
550	1364
551	1367
552	1368	6780	4189	5878	1377	244
553	1373
554	1374
555	1378
556	1379
557	1383
558	1384
559	1386
560	1387	668	4336	4034	5806	94	5904	3527	4483	4363	1929	346	2223	4230	158
561	1388
562	1391
563	1396
564	1400
565	1402
566	1404
567	1407
568	1408
569	1409
570	1412
571	1413
572	1414
573	1415
574	1419
575	1421
576	1422
577	1425
578	1426
579	1427
580	1431
581	1436
582	1437
583	1439	3178	1920	715	2209	1263	2045	3101	1583	3789	3465	1052	1821
584	1440
585	1441
586	1445
587	1447
588	1448
589	1449
590	1450
591	1452
592	1454
593	1455
594	1456
595	1458
596	1461	974	3081	546	979
597	1462
598	1463
599	1464
600	1467
601	1469	2150	382	911
602	1473
603	1474
604	1475
605	1477
606	1479	4238
607	1480
608	1482
609	1484
610	1488
611	1491	5659	6189	4516	4954	3224	1649	3324	4174	1624	684
612	1494
613	1498	4689	3221	4688	2691
614	1499
615	1500
616	1501	3569	2007	4537
617	1505
618	1509
619	1510
620	1511
621	1518
622	1519
623	1520
624	1521
625	1524
626	1526	3627	3202	1137	542
627	1527
628	1529
629	1532
630	1535
631	1540
632	1544
633	1545
634	1547
635	1550
636	1551
637	1556
638	1558	2302	961	1018	1172	699	101
639	1561
640	1564
641	1568
642	1571
643	1572
644	1573
645	1576
646	1581
647	1584
648	1585	2363
649	1586
650	1587	4876	2193	3402
651	1588
652	1590
653	1591
654	1592
655	1593
656	1595
657	1600
658	1602
659	1604
660	1609	1333	215	4280	433
661	1611
662	1612
663	1614
664	1615
665	1616	5628	1248	1238
666	1617
667	1620
668	1623
669	1625
670	1632
671	1635
672	1636
673	1641
674	1642	4449	2640	4897	4911	3722	3157	5393	3790	3314	545
675	1645	4388	1416	1253	2879
676	1648
677	1655
678	1658
679	1659
680	1661
681	1662
682	1664
683	1665
684	1668
685	1670
686	1674
687	1675
688	1676
689	1678
690	1680	737	2495	3218	3523	1086	3770	2605	539	1433	411	1827	2379	1304	308
691	1681
692	1682
693	1683
694	1686
695	1694
696	1696
697	1698
698	1701	5067
699	1702
700	1705
701	1706
702	1707	462	660	5419	5152	223
703	1708
704	1711
705	1712
706	1713
707	1714
708	1716
709	1717
710	1719
711	1725
712	1726
713	1730
714	1734
715	1735
716	1737
717	1746
718	1750
719	1751
720	1752
721	1756
722	1758
723	1765
724	1766
725	1767
726	1770	3304	1703	207	1513
727	1774
728	1777	2095	3749	3736	4185	869	2287	1809	4681	4192	2083	3778
729	1782
730	1785	703	882	1078	1191	339	13
731	1787	3681	4768	1257
732	1788
733	1789
734	1793
735	1795	670	4863	4865	5715	4457	4145	4317	5388	4815	4597	927	5047	3089
736	1799
737	1800
738	1803	4524	2925
739	1804
740	1806
741	1810
742	1811
743	1812
744	1813
745	1816
746	1820
747	1823
748	1824	4750	4443	5305	4825	1982
749	1825	1177	2571	4394	1246
750	1826
751	1829
752	1830
753	1832
754	1834
755	1837
756	1839	1741	4155	2361	4409
757	1845
758	1846
759	1849
760	1850
761	1857
762	1858
763	1860
764	1865
765	1868	3227	5362	5596	525	4027
766	1872
767	1875
768	1876
769	1877
770	1878	6787	5774
771	1880	5364	897
772	1885
773	1886
774	1887	4296	2946
775	1892
776	1894
777	1901
778	1902
779	1904
780	1906
781	1908
782	1909
783	1911	1497
784	1916
785	1919
786	1926
787	1933	2130	3506	2430	4325	985
788	1935
789	1938
790	1941
791	1942	2158
792	1944
793	1952
794	1953
795	1957
796	1958
797	1959
798	1960
799	1963
800	1965
801	1968
802	1972
803	1973
804	1974
805	1975
806	1977	6523	1930	6519
807	1983
808	1987
809	1988	2167
810	1989
811	1993
812	1994
813	1997
814	2000
815	2001
816	2006
817	2012
818	2013
819	2021
820	2024
821	2027
822	2032
823	2033
824	2037
825	2038	1650	2858
826	2039
827	2043
828	2046
829	2051
830	2052
831	2053
832	2055	990	3572	1549
833	2058
834	2060
835	2061
836	2063
837	2064
838	2065
839	2067
840	2070
841	2073
842	2075
843	2076
844	2079
845	2080
846	2084
847	2085	5110	4776	728	482
848	2088
849	2089
850	2091
851	2092
852	2094
853	2099	5874	2531	2148	1282	6027	1566	1815
854	2103	1754
855	2104
856	2105	1525	1955	6140	65
857	2107	3054
858	2112
859	2115
860	2119	1688	2664	2383	5379
861	2122
862	2126
863	2127
864	2129
865	2132
866	2134	1347	277	1150	1618	3775
867	2137
868	2139
869	2140
870	2143
871	2149
872	2152
873	2154
874	2157
875	2159
876	2160
877	2166
878	2169
879	2172
880	2173
881	2176
882	2179
883	2183
884	2189
885	2194
886	2197
887	2199
888	2200
889	2202
890	2206
891	2208	6411	3082	4257	3470	3000	4292	4273	2780	3430	1863	901	226	1294	1197	1403	6423	1835	933	4184	3759	2933	876	228	2562	2279	3289	1744	1272	1176	1104	296	1250	1011	5650	4984	1332	4306	2448	4632	212	106	1980	3034	3480	1508	3129	2651	769	1528	522	1778	776	448
892	2214
893	2217
894	2218
895	2221
896	2222
897	2225	4584	2795	4974	7165	5711	5231
898	2226
899	2228
900	2230	2041	1393	319	317
901	2233
902	2234
903	2236
904	2237
905	2239	3443
906	2240
907	2242
908	2243
909	2244	3846	4104	3550	2402	705	468	360
910	2248
911	2259
912	2260
913	2261
914	2262
915	2263
916	2264
917	2265	2735
918	2268
919	2270	903	466
920	2271
921	2273
922	2274
923	2276
924	2277	4475	656
925	2278
926	2281
927	2283
928	2285
929	2288
930	2290
931	2292
932	2306
933	2309
934	2311
935	2322
936	2323
937	2324
938	2325
939	2326
940	2327	3007	2670	6000	5173	1048
941	2328
942	2331
943	2333
944	2334
945	2336
946	2338
947	2342
948	2343
949	2345	2286
950	2348
951	2350
952	2352
953	2353
954	2355
955	2356	2047	3339	689
956	2358
957	2364
958	2365
959	2366
960	2367
961	2369
962	2371	1565	1738	2972	4728	2131
963	2373
964	2377	3450	773
965	2380
966	2384
967	2387
968	2392
969	2395
970	2398
971	2400
972	2401
973	2403
974	2409
975	2412	6763	3883	3697
976	2416
977	2421
978	2422
979	2426
980	2427
981	2428
982	2429
983	2433
984	2435
985	2436
986	2437	2896
987	2438
988	2444
989	2446
990	2450	3363	1
991	2451
992	2456
993	2457
994	2459
995	2461
996	2464	1984	3137	4488
997	2467
998	2468
999	2469
1000	2470
1001	2472
1002	2473
1003	2475
1004	2477
1005	2478
1006	2481
1007	2483
1008	2487
1009	2490	6060	2485	1950	4574	1842	208	1342	313	91
1010	2491	3712	2397
1011	2496
1012	2498
1013	2506
1014	2508
1015	2509
1016	2510
1017	2511
1018	2513
1019	2515
1020	2516
1021	2517
1022	2518
1023	2520
1024	2522
1025	2523
1026	2525
1027	2526
1028	2527
1029	2528
1030	2530
1031	2533
1032	2535
1033	2540
1034	2541
1035	2542
1036	2544
1037	2545
1038	2549
1039	2550
1040	2552
1041	2555
1042	2557
1043	2563
1044	2564
1045	2566	6532
1046	2567
1047	2572
1048	2573	6663	6800	6468	4577	5221
1049	2577	2695	966	1310	282	3349
1050	2579	610	947	109	2465	1677	604	1523	2162	189
1051	2581
1052	2582
1053	2590
1054	2591
1055	2592
1056	2593
1057	2594
1058	2596
1059	2598	3948	1855	204
1060	2599
1061	2600
1062	2602
1063	2606
1064	2608
1065	2609
1066	2611
1067	2613
1068	2615
1069	2617
1070	2620
1071	2621
1072	2622
1073	2623
1074	2626
1075	2627
1076	2628
1077	2630
1078	2631
1079	2632
1080	2636
1081	2639	6180
1082	2643
1083	2644
1084	2647
1085	2648
1086	2650
1087	2653
1088	2654
1089	2657
1090	2660
1091	2663
1092	2665
1093	2668
1094	2669
1095	2671
1096	2672
1097	2673
1098	2675
1099	2678	1671
1100	2681
1101	2682
1102	2687
1103	2688
1104	2690
1105	2692	6869	6169	6104	5085	4249	3212	818	1392	4520	571	5607	5121	1360	4565	618	243	6147	2219	4987	6710	5316	4885	4007	4441	4518	3930	3165	3258	3359	3155	1222	199	1115	4120	1900	46
1106	2694
1107	2700
1108	2702
1109	2704
1110	2706
1111	2708
1112	2709
1113	2717
1114	2719
1115	2721	4274	4169	6092	4005	169
1116	2722
1117	2723
1118	2725	6586	1736	1496	19	3773	6225
1119	2727
1120	2734
1121	2736
1122	2741
1123	2742
1124	2745
1125	2746
1126	2748
1127	2749
1128	2750
1129	2753
1130	2754
1131	2756
1132	2757	489	1864
1133	2760
1134	2761	4915	6860	5197	5450	5790	107	4467
1135	2762
1136	2764
1137	2765
1138	2766	5942
1139	2769
1140	2770
1141	2771
1142	2772
1143	2775
1144	2776
1145	2778
1146	2779
1147	2781
1148	2782
1149	2785
1150	2790
1151	2791	1284	449	4154	1010	1796
1152	2792
1153	2793
1154	2796
1155	2797
1156	2799	5175
1157	2800	1255	5004	2329
1158	2801
1159	2803	2293	6090	316	5579	2108	253
1160	2804
1161	2806
1162	2811
1163	2813
1164	2815
1165	2817	10	1175
1166	2822
1167	2825
1168	2826	1690
1169	2828
1170	2831
1171	2833
1172	2836
1173	2838	3877
1174	2839
1175	2841
1176	2843
1177	2848
1178	2850	2618	1344	935	347	2118	2554
1179	2852
1180	2853
1181	2856
1182	2857
1183	2859
1184	2861
1185	2862
1186	2863
1187	2865	2010	1610
1188	2866
1189	2868
1190	2869
1191	2870
1192	2871
1193	2872
1194	2874
1195	2881
1196	2887
1197	2888	3269	5653
1198	2889	4801	32	267
1199	2890
1200	2892
1201	2893
1202	2894	4620	3593	3057	80
1203	2898	4433	5692	6059	2589
1204	2902
1205	2903
1206	2904
1207	2908
1208	2910
1209	2911
1210	2913
1211	2915
1212	2917
1213	2920
1214	2921
1215	2922
1216	2923
1217	2926
1218	2927	1792	5935	5887	1601
1219	2929
1220	2934
1221	2935
1222	2936
1223	2940
1224	2943
1225	2944
1226	2948
1227	2949
1228	2951
1229	2955
1230	2956
1231	2958	6311	1090	4964	3026	1206	3114
1232	2961
1233	2967
1234	2975
1235	2976
1236	2977	125	7301	2254	4115	5397	2597
1237	2982
1238	2985	3132
1239	2988
1240	2991
1241	2993
1242	2994
1243	2997
1244	2999
1245	3001
1246	3002
1247	3005
1248	3010
1249	3012
1250	3013
1251	3014
1252	3015
1253	3017
1254	3018
1255	3020
1256	3021
1257	3022
1258	3029
1259	3030
1260	3032
1261	3039
1262	3040	2439
1263	3043
1264	3044
1265	3046
1266	3051
1267	3053
1268	3055
1269	3056
1270	3058
1271	3060
1272	3062
1273	3063
1274	3069
1275	3070	687	2548	1879	1266	2147	506	1247
1276	3071
1277	3074
1278	3075
1279	3077
1280	3080
1281	3084
1282	3085
1283	3086	2370	3004
1284	3087
1285	3090
1286	3095
1287	3096
1288	3097
1289	3099
1290	3100
1291	3102
1292	3108
1293	3110
1294	3112
1295	3115
1296	3118
1297	3120
1298	3121	5482
1299	3123
1300	3124
1301	3128
1302	3131	2296	2216	4090	498	848
1303	3133	4882	3404
1304	3134
1305	3135
1306	3136
1307	3138
1308	3139
1309	3141
1310	3142	4319
1311	3143
1312	3145
1313	3146	3401	3914	3694	796	1278
1314	3147
1315	3150
1316	3152
1317	3153
1318	3159
1319	3160
1320	3161
1321	3162
1322	3164
1323	3168
1324	3171
1325	3173
1326	3179
1327	3185
1328	3186
1329	3188
1330	3189
1331	3190
1332	3191
1333	3192
1334	3197
1335	3198
1336	3199
1337	3200
1338	3204
1339	3205
1340	3207
1341	3209
1342	3210
1343	3211
1344	3217
1345	3222
1346	3223
1347	3226	3341	1326	3353	1970	574
1348	3228
1349	3231
1350	3235
1351	3237
1352	3239
1353	3240
1354	3241
1355	3242
1356	3244
1357	3246
1358	3250
1359	3251
1360	3256
1361	3259
1362	3260
1363	3261
1364	3272
1365	3273	3045
1366	3275
1367	3276	6880	6031	3518	4442	4914	2789	2180	4139	2460	3348	3500	4316	2588	3636	5207	779	1704	2114	1709	5608	1084	1262	526
1368	3277
1369	3280
1370	3282
1371	3283
1372	3284
1373	3290	6381	4196
1374	3291
1375	3292
1376	3294	150
1377	3297	4054	2974
1378	3303
1379	3310
1380	3312	3977
1381	3313
1382	3315	1859	1485	3426	2759	1139	3672
1383	3316
1384	3317
1385	3318
1386	3319
1387	3327
1388	3330	2521	334	2928	424	2802	681	589	615	1773
1389	3333
1390	3335
1391	3337
1392	3338
1393	3340	439	1814
1394	3346
1395	3347
1396	3350
1397	3352
1398	3354
1399	3356
1400	3357
1401	3358
1402	3360
1403	3362
1404	3364
1405	3366	3463	1914	487	3065
1406	3368
1407	3370
1408	3377
1409	3379
1410	3381	5169	6062	2247	6312	6295	980	1271	1507	5199
1411	3382
1412	3388	3214
1413	3389	3720	3111	400
1414	3390
1415	3391
1416	3392	3575	2635	234	2476	1270	1607	42	4092	1073	3268	2583	2419	4053	1023	2310	1657
1417	3396
1418	3399
1419	3403
1420	3405
1421	3406
1422	3411	401	4587
1423	3413
1424	3415
1425	3416	4972	1691	4377	1401	1749	415
1426	3417
1427	3418
1428	3419	5742	1578
1429	3420
1430	3421
1431	3422
1432	3423
1433	3428
1434	3429
1435	3432
1436	3435
1437	3436
1438	3438
1439	3439
1440	3440
1441	3441
1442	3444
1443	3448
1444	3449
1445	3451
1446	3458
1447	3459
1448	3460
1449	3461
1450	3462
1451	3466	2788	4279	1198
1452	3467
1453	3469
1454	3472
1455	3473
1456	3475
1457	3477
1458	3478
1459	3482
1460	3484	2744	3331	5590	2846	2930	381
1461	3486	6943	5691	3285	6114	3942	2289	4096	5403	4682	6254	6089	187
1462	3487
1463	3489
1464	3491	6998	4589	2716
1465	3495
1466	3497
1467	3499
1468	3501
1469	3502
1470	3503
1471	3504
1472	3505
1473	3508
1474	3512	2619	890	2231
1475	3513
1476	3515
1477	3521
1478	3524
1479	3525
1480	3530
1481	3531
1482	3533
1483	3535
1484	3540
1485	3552
1486	3553	4078	2957	1530	2241	4648	4376	512	4121	3771	1721	3309	3167	1728	133	425	1807	1330	369	584
1487	3554
1488	3556
1489	3557
1490	3560
1491	3561
1492	3562	1399	367
1493	3563
1494	3565
1495	3567
1496	3568	29	5264	4628	7295	5066	4844	6612	5961	3307	3963	6255	7289	7322	5923	4000	3181	6539	6487	6527	4077	343	4136	2697	3581	3873	2726	1628	904	2824	2423	843	662	543	1589	438
1497	3570
1498	3571
1499	3574
1500	3576	2847	4861	3781	632
1501	3587
1502	3588
1503	3591
1504	3594	1102	1852	1369	1577	398	420	1986	2658	2604	470	2676	119	1313
1505	3596
1506	3598	2044	4811	1748	4833	2163
1507	3599
1508	3600	1199	4896	3019	5064	4752
1509	3601
1510	3602
1511	3603
1512	3605
1513	3606
1514	3608
1515	3609
1516	3610
1517	3611
1518	3612
1519	3613
1520	3614
1521	3619
1522	3620	3050	1187
1523	3622	2860	1847	3427
1524	3623
1525	3628
1526	3630
1527	3638
1528	3640
1529	3641	835	4714	4420
1530	3643
1531	3644	3840
1532	3645
1533	3646
1534	3649
1535	3654
1536	3656
1537	3662
1538	3663
1539	3665
1540	3666
1541	3669
1542	3670
1543	3671
1544	3673
1545	3675
1546	3678
1547	3679
1548	3680	1124	683	1560	490	567	747
1549	3683
1550	3684	1133	3265	4925	5	4087	4837	4724	127	5118	1405
1551	3685
1552	3686
1553	3688
1554	3689
1555	3691
1556	3695
1557	3696
1558	3701
1559	3706
1560	3707
1561	3709
1562	3710	3509
1563	3711
1564	3713
1565	3714
1566	3717
1567	3719
1568	3721
1569	3723
1570	3724
1571	3725	3336	4910	2680	839	3083	2507	1647	833	3375	435	2773	708	2025	765	2069	621	884	336	2729	1244	4	6415	5530	5242	5440	4952	5280	3172	6122	5645	2905	6390	6278	3751	1912	5688	5789	3913	5345	5363	4266	2497	1936	1660	3064	6508	2224	5288	2295	2213	850	3918	2303	2249	6383	1554	1966	5055	4941	1204	335	4742	2693	2585	331	4677	1083	3016	1514	3921	4101	3378	4406	3635	819	2701	499	1144	2339	492	3177	2246	358	5464	6975	4731	4519	2747	3384	5449	5349	4715	5396	647	5159	2195	2188	2500	2185	3616	2712	3442	1695	1301	7126	7066	5534	3107	4969	4760	3213	4916	1268	7171	1122	6010	3028	4091	5281	5571	6744	3927	7044	2101	2989	3806	3539	3344	6566	4884	5279	4526	6753	6344	4123	4515	3802	3325	1684	2878	3975	1451	6386	6410	4094	4009	6170	2873	6181	5743	4720	2560	4359	3367	678	3446	1990	1797	5117	4585	3345	2312	851	3830	1653	1999	1337	3088	883	891	135	251	2019	3814	6712	2253	4578	6664	1724	2942	2054	892	791	3024	3757	1164	3693	3498	1932	3116	926	1112	408	3266	3091	1666	52	2787	936	2066	3187	2503	2814	3027	1495	2941	1646	631	3257	170	143	674	4017	1971	1230	4740	4366	4698	2078	2880	1637	502	103	1934	3036	2474	3372	1802	1764	137	1956	1371	2895	2116	2909	1801	2752	2532	3868	3754	3880	4170	957	1784
1572	3727
1573	3728
1574	3730
1575	3731
1576	3733
1577	3738
1578	3741
1579	3743
1580	3745
1581	3746
1582	3747
1583	3750
1584	3753	3667	1692	3485	997	180	510	1780	3052
1585	3755
1586	3760
1587	3761
1588	3762
1589	3763
1590	3766	3193	2408	1836	1606
1591	3767	3968	1034	357
1592	3768
1593	3769
1594	3772
1595	3779
1596	3782
1597	3784
1598	3785	3715	4021	2568	2068	1603
1599	3786
1600	3792
1601	3793
1602	3794
1603	3795
1604	3796
1605	3797
1606	3798
1607	3799
1608	3803
1609	3805
1610	3815
1611	3816
1612	3817
1613	3818
1614	3820
1615	3821
1616	3823
1617	3826
1618	3828
1619	3833
1620	3837	4792	4774	6769	5348	6402	7389	2413	6758	2165	5636	3025	2699
1621	3838	5317	5928	1410	3387	710	1888	1718
1622	3843
1623	3844
1624	3845
1625	3847
1626	3848
1627	3851
1628	3853	652	5566	3476
1629	3854
1630	3856
1631	3857
1632	3859
1633	3860
1634	3861
1635	3862
1636	3863
1637	3864
1638	3865
1639	3866
1640	3871
1641	3875
1642	3878	928	3092
1643	3884
1644	3885
1645	3888	45	5006	6221	2431	3511
1646	3889
1647	3890
1648	3891
1649	3892
1650	3893
1651	3897	6366	4736	2980	4147	7245	6583	2420
1652	3898
1653	3899
1654	3900
1655	3901
1656	3903
1657	3907
1658	3909
1659	3910
1660	3911
1661	3912	5380	2059
1662	3915
1663	3917
1664	3920
1665	3922
1666	3926
1667	3928
1668	3932
1669	3933
1670	3937	1723	3288	1099	4052	6935	4554	3555	5238	4499	387	4295	3827	3206	697	706	3397	2347	2570	258	1110	846
1671	3938
1672	3940
1673	3943
1674	3950
1675	3955
1676	3956	2211	1580
1677	3958	3471	3633
1678	3959
1679	3960
1680	3964	43
1681	3965	4942	4484	4945
1682	3967
1683	3969	4872	2335	566	4137	3592	932	4417	3809	6703	1890	3526	508	1543
1684	3971
1685	3972
1686	3979
1687	3980
1688	3981
1689	3984
1690	3985	5559	190	385	4337	2601	5198	5140	4842	4951	800	4423	4664	2405	1903	3078	1747	3882	1786	3944	695	1468	2050	1755	3867
1691	3986
1692	3991
1693	3992
1694	3993
1695	3997
1696	4001
1697	4002
1698	4003
1699	4004
1700	4006	6834
1701	4010
1702	4011
1703	4012
1704	4013	2484	2996
1705	4014	4396	6213	6593	1939	4255	3537	2820	1149	1155	751	404	368	33
1706	4015
1707	4019
1708	4020
1709	4022
1710	4023
1711	4024
1712	4026
1713	4028
1714	4033
1715	4035
1716	4036
1717	4037
1718	4038
1719	4040
1720	4041
1721	4042
1722	4045
1723	4046
1724	4049
1725	4050
1726	4051
1727	4055	3468	3035
1728	4058	2201	1381	3433	2014	375
1729	4063
1730	4064
1731	4065
1732	4067
1733	4068
1734	4073	6190	7013	4684
1735	4075
1736	4079
1737	4080
1738	4083
1739	4084
1740	4085
1741	4088
1742	4105
1743	4106
1744	4107
1745	4109	2575	3855	5495	140
1746	4111
1747	4114
1748	4116
1749	4118	3621	5573	4983	1288
1750	4125
1751	4127	3916	4454	4222	5429	4678	3073	861	1395	1025	1638	1486	3682	867
1752	4128
1753	4130	523	2191
1754	4131
1755	4132
1756	4133
1757	4138
1758	4140
1759	4141
1760	4143
1761	4144
1762	4148
1763	4149
1764	4156
1765	4157
1766	4158
1767	4160
1768	4161
1769	4162
1770	4163
1771	4164
1772	4166
1773	4171
1774	4173
1775	4175
1776	4179
1777	4182	4048	2674	1656	4841	777	3729	292	4480	2569	1059	2912	2120	31	426	4095	540	2553
1778	4183
1779	4186
1780	4188
1781	4193
1782	4194
1783	4195
1784	4201
1785	4202
1786	4203
1787	4204
1788	4206
1789	4214
1790	4215	1101	2610
1791	4217
1792	4219
1793	4221	3976	2536
1794	4223	1069	4282
1795	4224	4634	4031	6890	2110	3507	1889	3974	1745
1796	4225
1797	4228
1798	4232
1799	4233
1800	4235
1801	4240
1802	4242
1803	4243
1804	4245
1805	4246
1806	4247	2411	2823	713
1807	4251
1808	4252
1809	4253	4497	3961	1351	322	645
1810	4254
1811	4256
1812	4258
1813	4262
1814	4263
1815	4271
1816	4275
1817	4277
1818	4278
1819	4283
1820	4286
1821	4288
1822	4290
1823	4293
1824	4294
1825	4299
1826	4300
1827	4301
1828	4302
1829	4307
1830	4308
1831	4309	3305	2978	1805	2362	1335	1161	1917	5748	5251	2301	2388	1460	2641	201	2102	4414	3536	1007	2207	1516	452
1832	4310
1833	4311
1834	4313	2385	5674	2238
1835	4314
1836	4315
1837	4318	6723	2970	4008	6543
1838	4320
1839	4322
1840	4326
1841	4328
1842	4329
1843	4330
1844	4333
1845	4335
1846	4338
1847	4339
1848	4341	3699	907	5673
1849	4342
1850	4345
1851	4346
1852	4349
1853	4350
1854	4353
1855	4355
1856	4356
1857	4357
1858	4358	153	2267	5944
1859	4360
1860	4361	5399	3457	5335
1861	4362
1862	4367
1863	4369
1864	4370
1865	4371
1866	4372
1867	4373
1868	4374
1869	4375
1870	4378
1871	4383
1872	4386
1873	4387
1874	4390
1875	4391
1876	4393
1877	4398
1878	4402
1879	4403	6464
1880	4407
1881	4408
1882	4410	2479	805	1237	1517	4528
1883	4411
1884	4412
1885	4415
1886	4416	1418	6638	6893	6128	2840	2740	1720	195	2382	688	711	171	1613	5837	1329	5180	2171	637	1432	569	1038
1887	4419
1888	4422
1889	4424
1890	4426	2093	2378
1891	4428
1892	4429
1893	4430
1894	4431	6952	5060	4261	5603	4623	3334	3998	4380	2959	1459	314	6643	3881	1819	6032	4513	5925	3652	871	1897	3323	1873	3302	2743	2574	813	1047	2245	2854	1295	1493	1435	496	7193	1051
1895	4436
1896	4437
1897	4438
1898	4440
1899	4445
1900	4447
1901	4448
1902	4451
1903	4452
1904	4459
1905	4461
1906	4462
1907	4463
1908	4464
1909	4465
1910	4466
1911	4468
1912	4469
1913	4473
1914	4474
1915	4479
1916	4481
1917	4486
1918	4487
1919	4489
1920	4490
1921	4491
1922	4494	1742	4264	2454	4112	1697	2258	1651	3409	2029	276	96	1798	1121	3547	2018	3618	1574	4603	2097	2855	2906	3490	2529	4331	2272
1923	4496
1924	4498
1925	4501
1926	4502
1927	4503
1928	4505	4029	853	1962	2204
1929	4506
1930	4507
1931	4508	1685	1239	2587	1918	494
1932	4510
1933	4512	4755	4654	1817	2987	2768
1934	4514
1935	4517
1936	4523
1937	4529
1938	4530
1939	4531
1940	4532
1941	4533
1942	4534
1943	4536
1944	4538
1945	4540
1946	4541
1947	4542
1948	4543
1949	4544
1950	4546	601	6248	2739	2637	5294	5545	4220	981	4835	583
1951	4547
1952	4548
1953	4551
1954	4552
1955	4553
1956	4555
1957	4556
1958	4557
1959	4558
1960	4559	3813	2455	3801	3519	842	3009	2502	1818
1961	4560
1962	4562	1862	661	1370	85
1963	4563
1964	4566	467
1965	4569
1966	4570
1967	4572	3595	4089	2396	2580	1923
1968	4573
1969	4575
1970	4579
1971	4581	7060	4527	5103	3534	175
1972	4582
1973	4583
1974	4591
1975	4592
1976	4593
1977	4595	3233	1946
1978	4596
1979	4601
1980	4604
1981	4606
1982	4607
1983	4608
1984	4609
1985	4615
1986	4616
1987	4617
1988	4619
1989	4621
1990	4624
1991	4625
1992	4626
1993	4629
1994	4630
1995	4633	7128	5677	5354
1996	4635
1997	4636
1998	4637	1515	4614	5910	5504	2971	1229	2375
1999	4638
2000	4640
2001	4641
2002	4643
2003	4645
2004	4646
2005	4647
2006	4649
2007	4650	2389	4535	4564	6882	3098	2344	1763	1476	4323
2008	4653
2009	4655
2010	4656
2011	4657
2012	4665
2013	4667
2014	4670
2015	4671
2016	4672
2017	4673
2018	4674
2019	4676
2020	4683
2021	4686
2022	4690
2023	4691
2024	4693
2025	4699
2026	4702
2027	4703
2028	4704
2029	4705	3804	4305	2891	219
2030	4708
2031	4709
2032	4710	6239
2033	4712
2034	4716
2035	4718
2036	4721
2037	4723
2038	4725
2039	4727	3320	5991	3293	2471	464	4561	2256	5549	4687	3925	1153	3744	5992	5968	3659	3383	4923	5835	2714	5478	6178	3308	4669	1947	1768	5358	41	4405	4401	3546	3939	1382	371	2812	2298	1949	1693	1893	1040	237	638	6392	6003	4384	6861	5589	5122	6650	5246	4806	4903	2875	6341	2962	6076	6279	4809	1867	5911	2190	3104	3047	6694	6956	6822	6131	5786	4707	1148	4504	3300	4151	4887	3361	4860	4816	2919	2255	2603	2821	2968	3492	418	1928	1428	4167	1634	754	6595	1570	4675	77	7346	6229	6504	4627	3474	1808	1504	1667	6990	1183	4849	432	2121	4571	4400	2028	1443	1220	110	524	3374	5666	5665	5300	2939	3194	3541	863	3841	5096	2616	2482	679	1924	1146	5521	4602	2638	5512	2718	4284	3042	5647	4831	2257	2062	1925	151	1841	1555
2040	4729
2041	4730
2042	4733	1160
2043	4738
2044	4741
2045	4743	3690	828
2046	4744	6224	2683	6235	2332	3093
2047	4745	5709	2667	4905	1639	6015
2048	4746	1033
2049	4748	3739
2050	4749
2051	4751
2052	4757	6699	4351	5868	5529	1030	986	857	1107	4304	2016	3516	3068
2053	4759
2054	4761
2055	4762
2056	4764
2057	4766	3783	1913	4663
2058	4767	5473	4276	3109
2059	4769
2060	4771
2061	4772
2062	4775	722	4208	1345
2063	4777
2064	4778	6265
2065	4779
2066	4780
2067	4782
2068	4784
2069	4785
2070	4787
2071	4788
2072	4789
2073	4790
2074	4791
2075	4793
2076	4794	5255	738	2275
2077	4795
2078	4796
2079	4797
2080	4800	809	821	6647	4962	114	1338	4025
2081	4802
2082	4803
2083	4804
2084	4805
2085	4808
2086	4812
2087	4813
2088	4814
2089	4817
2090	4818
2091	4819
2092	4822	3522
2093	4823
2094	4826
2095	4827
2096	4828
2097	4829
2098	4830
2099	4834
2100	4836	2319	4868	5284	4525	5012	673
2101	4846
2102	4847
2103	4848
2104	4850
2105	4852
2106	4855	834	419	750	361	968	1361	1067	2141	3130	1679	592	2489	372
2107	4858
2108	4862
2109	4867	3951	1465
2110	4869
2111	4870
2112	4871
2113	4873
2114	4875
2115	4877
2116	4879
2117	4886
2118	4888
2119	4889	1921
2120	4893
2121	4894	5090	5044	3705	2809	4851	1372	607	1092	1365	265	840
2122	4895
2123	4900	7034	6960	4631	5849	5353	2072	4747	248
2124	4901
2125	4902
2126	4904
2127	4908
2128	4909
2129	4919
2130	4920
2131	4922	5376	4142
2132	4926
2133	4927
2134	4928
2135	4930
2136	4931
2137	4937
2138	4938	3904	141	5768	2501	326	1324
2139	4939
2140	4940	2755	2445	2434
2141	4943
2142	4946
2143	4947
2144	4948
2145	4950	6888	2990	4662	1995
2146	4955
2147	4956
2148	4957
2149	4958
2150	4959
2151	4965
2152	4966
2153	4967
2154	4970
2155	4971
2156	4973
2157	4975
2158	4977
2159	4979
2160	4980
2161	4982
2162	4986
2163	4989
2164	4990
2165	4992
2166	4994
2167	4995
2168	4996
2169	4997
2170	4998
2171	4999
2172	5002
2173	5003
2174	5007
2175	5008
2176	5009
2177	5010
2178	5013
2179	5016
2180	5018
2181	5019
2182	5021
2183	5025
2184	5027
2185	5029
2186	5030
2187	5033
2188	5035
2189	5036
2190	5037
2191	5040
2192	5042
2193	5043
2194	5045
2195	5048
2196	5051
2197	5052
2198	5054
2199	5056
2200	5058
2201	5061	5050	3542	5770
2202	5063	2410	4099	3208	3549	2625	2441	1077	3264	4389	996
2203	5069
2204	5071
2205	5072
2206	5073
2207	5074
2208	5076
2209	5081
2210	5082
2211	5084
2212	5086
2213	5087	3447	402	3117	3298	4334	5165
2214	5089
2215	5091
2216	5092
2217	5093
2218	5094	2986	4211	2901
2219	5095
2220	5097
2221	5099
2222	5100
2223	5101
2224	5102
2225	5104
2226	5105
2227	5107
2228	5109
2229	5111
2230	5112
2231	5113
2232	5114
2233	5115
2234	5119
2235	5120
2236	5123
2237	5125
2238	5127
2239	5128
2240	5130
2241	5132
2242	5133
2243	5136
2244	5137
2245	5138
2246	5142
2247	5143
2248	5146
2249	5147
2250	5149
2251	5151
2252	5153
2253	5156
2254	5157
2255	5158
2256	5160
2257	5161
2258	5162
2259	5163
2260	5166
2261	5167
2262	5168
2263	5170
2264	5172
2265	5176
2266	5177
2267	5181
2268	5182
2269	5184	4153	2138	1772	5880	1757	3836	5557	3953	3243	69	4198	4770	5011
2270	5185
2271	5186
2272	5187	3196	595	617
2273	5188
2274	5189
2275	5190
2276	5191
2277	5192	5164	641	4097	3105	3648	1943	1884	3810	3201	2547	2215	814	376	6033	5997	7226	4722	1840	4354	5982	2056	3632	359	893	1663	664	465	240	299	365	4268	6804	5174	6222	958	3174	4685	6558	4639	4108	74	4069	969	4929	6401	6568	1969	4259	6805	7379	6606	2696	164	5599	1541	2505	4418	3365	1398	260	4176	3849	3149	5365	2009	4668	2146	484	7307	6942	5917	4739	5974	3517	3326	4135	608	3434	7279	992	1196	5355	5268	6947	1045	5792	4197	5507	5481	3166	2883	881	2685	504	1492	3876	4129	1166	3023	22	4985	3631	2452	885	1434	1087	4352	3982	3169	353	345	5208	5668	5623	5487	2227	4291	2304	1348	221	112	2381	2730	4181	3270	2458	1417	3807	5788	5572	4622	726	2981	329	1621	923	1622	3583	1981	2004	456	704	232	3852	2629	5493	39	2098	5732	6304	3514
2278	5194
2279	5195
2280	5196
2281	5201
2282	5202	1145	2900
2283	5205
2284	5206
2285	5209
2286	5210
2287	5211
2288	5212
2289	5213
2290	5214
2291	5215
2292	5216
2293	5217
2294	5219
2295	5222
2296	5223
2297	5227
2298	5230
2299	5232
2300	5234
2301	5235
2302	5239	6065	6902	460	783
2303	5240
2304	5241
2305	5243
2306	5244
2307	5245
2308	5248
2309	5253
2310	5257
2311	5258
2312	5259
2313	5262
2314	5266
2315	5267
2316	5270
2317	5271
2318	5273
2319	5274
2320	5275
2321	5276
2322	5278	5290	6002
2323	5282
2324	5283
2325	5286
2326	5287
2327	5289
2328	5292
2329	5293
2330	5296
2331	5297
2332	5299
2333	5302
2334	5303
2335	5306
2336	5310
2337	5311
2338	5312
2339	5318
2340	5319
2341	5320
2342	5324
2343	5325
2344	5326	4482	3286	4218
2345	5327
2346	5328
2347	5330
2348	5334
2349	5336
2350	5337
2351	5338
2352	5339
2353	5340
2354	5341
2355	5342	5981
2356	5343
2357	5347
2358	5350
2359	5351
2360	5352
2361	5356
2362	5359
2363	5360
2364	5361
2365	5367
2366	5368
2367	5371
2368	5372
2369	5374
2370	5375
2371	5377
2372	5378	2372	824	640
2373	5381
2374	5384
2375	5385
2376	5387
2377	5390
2378	5391
2379	5394
2380	5395	5646
2381	5400
2382	5407
2383	5408
2384	5410
2385	5412
2386	5414
2387	5415
2388	5416
2389	5417
2390	5422
2391	5423
2392	5424
2393	5425
2394	5427
2395	5428
2396	5430
2397	5432
2398	5433
2399	5434
2400	5435
2401	5436
2402	5437
2403	5438
2404	5441
2405	5442
2406	5443
2407	5445
2408	5446
2409	5448
2410	5451
2411	5452
2412	5453	262	2170	2624
2413	5455
2414	5457
2415	5458
2416	5459
2417	5460
2418	5461
2419	5462
2420	5463
2421	5466
2422	5467
2423	5469
2424	5472	5680	5569	3894	5717	4832	2612
2425	5476
2426	5477
2427	5479
2428	5480
2429	5483
2430	5485
2431	5489
2432	5490
2433	5491	3373	2877
2434	5492
2435	5496
2436	5498
2437	5500
2438	5501
2439	5505
2440	5506	5124	3371	5062	5474	2834	202	1557	1915	209
2441	5508
2442	5509
2443	5510
2444	5511
2445	5513
2446	5516
2447	5518
2448	5520
2449	5522
2450	5524
2451	5526
2452	5527
2453	5528
2454	5531
2455	5533
2456	5535
2457	5536
2458	5538
2459	5540	4580
2460	5541	5068
2461	5542
2462	5543	3148	1979	2884	2340	2017	399
2463	5544	4783
2464	5546
2465	5547
2466	5548
2467	5551
2468	5553
2469	5554
2470	5555
2471	5556
2472	5558
2473	5560	1075	155	6153	5203	4906	4781	3584	6150	2738	71
2474	5562
2475	5563	5975	182	2071	4324
2476	5564
2477	5570
2478	5576
2479	5577
2480	5578
2481	5580	6871	5794	941	7068	4043	1538	999
2482	5583
2483	5585
2484	5586
2485	5587
2486	5588
2487	5591
2488	5592
2489	5595
2490	5597
2491	5600
2492	5602
2493	5605
2494	5606
2495	5610
2496	5611
2497	5614
2498	5615
2499	5616
2500	5618	1062	1343
2501	5619
2502	5620
2503	5621
2504	5622
2505	5624	5957	1771
2506	5625
2507	5626
2508	5627
2509	5630
2510	5631
2511	5632
2512	5633
2513	5634
2514	5635
2515	5637
2516	5639
2517	5640
2518	5642
2519	5644
2520	5651
2521	5654
2522	5656
2523	5657
2524	5658
2525	5660	1080	4898	3732	4605	6748	5537	4838	5406	4949	3255	2686	4701	3970	598
2526	5661
2527	5663
2528	5664
2529	5667
2530	5670
2531	5671
2532	5672
2533	5675
2534	5676
2535	5678
2536	5679
2537	5681
2538	5682
2539	5683
2540	5685
2541	5686
2542	5687	3777	2504	2175	4917	3726	669	2376	5077	4270	3158	5517	5366	1394	1599	5706	5662	4110	5145	5401	4918	3558	4332	1054	963	919	1828	558	122	4117	5873	1861	2100	5418	2109	7181	6152	5699	6443	4878	3941	4567	1844	2488	1992	1424	90	1219	111	5766	913	5233	302	3658	4385
2543	5689
2544	5690
2545	5695
2546	5696	2607	3245
2547	5698
2548	5700
2549	5701
2550	5704
2551	5707
2552	5708
2553	5710
2554	5712
2555	5714
2556	5716	712	2807	1985
2557	5721
2558	5722
2559	5723
2560	5724
2561	5725
2562	5726
2563	5727
2564	5728
2565	5729
2566	5730
2567	5731
2568	5733
2569	5734	4237	5134	578	6306	2561	4864	6286	6058	5065	2210	40	3494
2570	5735
2571	5736
2572	5737
2573	5738
2574	5740
2575	5744
2576	5745
2577	5750
2578	5751
2579	5752
2580	5754
2581	5755
2582	5756
2583	5757
2584	5758
2585	5760
2586	5761	6370	5648	5652	6083	4081	3660	2198
2587	5763
2588	5764
2589	5769
2590	5772
2591	5773
2592	5775
2593	5776
2594	5777
2595	5779
2596	5781
2597	5782
2598	5783	5468	4210	4711	3597	5226	4434	931	6096	2851	5945	113	3564	1760	4866
2599	5787
2600	5791
2601	5793
2602	5796
2603	5797
2604	5798	6185
2605	5799
2606	5801
2607	5802
2608	5807
2609	5808
2610	5809
2611	5810
2612	5811
2613	5812
2614	5814
2615	5815
2616	5816
2617	5817
2618	5818
2619	5820
2620	5822
2621	5823
2622	5824
2623	5825
2624	5826
2625	5828
2626	5830
2627	5832
2628	5834
2629	5838
2630	5839
2631	5840
2632	5842
2633	5843
2634	5845
2635	5846	5866
2636	5848
2637	5850
2638	5852	2578
2639	5853
2640	5854
2641	5856
2642	5857
2643	5858
2644	5860
2645	5861
2646	5862
2647	5863
2648	5864
2649	5867
2650	5869
2651	5871
2652	5872
2653	5875	1029	4102	2732	3301	5804	1063	454	4612	2314	2816	5705	6264	6171	1996	5641	5684	2374	2830	3248	925	5582	1200	3647	1061	2415	3579	4392	6505	2666	5784	4912	5523	5821	5767	2845	6364	6441	5247	3962	421	4666	6317	2463	3573	3127	1162	2774	3048	1214	1503	1227	1438	812	76	2418	5470	4285	5966	6085	2805	541	5236	5568	1891	2251	4152	2300	7147	5465	5079	1533	4719	4231	1096	2537	5225	4432	4059	3011	1775	3668	955	5454	5456	5574	323	1380	930	3831	2937	3935	690	3410	3230	4016	3332	2294	3395	1028	2034	709	2453	2886	4845	4187	1598	5295	1470	2390	3886	75	520
2654	5876	6162	5024	1633	1483
2655	5877
2656	5879
2657	5882
2658	5883
2659	5884
2660	5885
2661	5888
2662	5889
2663	5891
2664	5895
2665	5897
2666	5898
2667	5899
2668	5900
2669	5901
2670	5902
2671	5903
2672	5905
2673	5906
2674	5908
2675	5909
2676	5912
2677	5914
2678	5915
2679	5919
2680	5920
2681	5921
2682	5922
2683	5926	4159	3586	1866	3989	1537	178	217
2684	5929
2685	5930
2686	5931
2687	5932
2688	5933
2689	5936
2690	5937
2691	5938
2692	5939
2693	5940
2694	5941
2695	5943	5719
2696	5946
2697	5947
2698	5948
2699	5950
2700	5951
2701	5952
2702	5953
2703	5955
2704	5956
2705	5958
2706	5959
2707	5960
2708	5962
2709	5963
2710	5964
2711	5965
2712	5967	6399	5655	1722	4399	5078	3
2713	5969
2714	5970	4961	4921	572	946	2354	701
2715	5971
2716	5972
2717	5973
2718	5977
2719	5978
2720	5979
2721	5980
2722	5983
2723	5985
2724	5986
2725	5987
2726	5988
2727	5989
2728	5990
2729	5993
2730	5994	5924	3674	2551	4165	3543
2731	5996
2732	5998
2733	5999
2734	6001
2735	6004
2736	6005	4312	1881	3412	2584	3038	3184	2952	2703	3006
2737	6006
2738	6007
2739	6008
2740	6009
2741	6011	4074	5402	5261	1128	803	916	692
2742	6012
2743	6013
2744	6014
2745	6016	4250	1317	6688	6662	5139	3545	5539	6517	6026	4119	1116
2746	6017
2747	6018
2748	6021
2749	6022
2750	6024
2751	6028
2752	6029
2753	6030
2754	6034
2755	6035	2317	5285
2756	6036
2757	6037
2758	6038
2759	6039
2760	6040
2761	6042
2762	6043
2763	6044
2764	6046
2765	6047
2766	6048
2767	6050
2768	6051
2769	6052
2770	6053
2771	6054
2772	6063	6600	922	5819	5323	5503	1109	4854	2184	4618	6458	5373	4798	4821	1531	4476	4213	2111	4178	4660	116	1619	3195	4327	5106	6116	2008	7095	6852	5916	6328	3822	1783	3615	6819	6535	6121	5260	4679	3811	538	471	47	6356	4207	3617	622	2707	3355	1631	1466	581	4598	4444	2642	4239	3824	3787	3079	2992	825	2337	1781	659	675	501	3995	1907	472	307	5017	1163	4843	3296	4968	872	2924	2882	6268	6592	4495	5301	5612	5514	1420	1005	521	6258	6907	2798	7009	2182	6874	3677	5005	5984	3589	1478	6772	3126	6466	5129	5598	6903	2818	2849	5927	6283	5389	3061	5269	6263	5183	4098	3144	2646	3832	3800	3585	3281	4890	3414	5762	6718	6209	2414	1302	5865	2404	3973	2432	3369	1998	590	977	5224	5171	1567	3216	6321	2918	1715	725	5836	5053	5039	3232	1910	1323	1481	748	413	5847	461	3664	1037	965	1605	3122	5747	4298	1951	1762	1740	2399	1559	780	552	1687	59	63	3408	2724	4404	3637	561	434	2539	5382	733	6831	5918	5026	5851	174	606	4062	5949	1258	6110	4061	1833	873	5881	429	161	3735	1945	3424	257	650	1259	3764	625	3999	2011	718
2773	6064
2774	6066
2775	6067
2776	6069
2777	6072
2778	6073
2779	6074
2780	6075
2781	6077
2782	6078	5108	4093	3651	4652	3624	4644	908
2783	6079
2784	6080	2486	1838	5307	4874	1700	3445	25	1727	672	1318
2785	6081
2786	6084
2787	6086
2788	6087
2789	6088
2790	6091
2791	6093
2792	6095
2793	6097
2794	6098
2795	6099
2796	6100
2797	6101
2798	6102
2799	6103
2800	6105
2801	6106
2802	6107
2803	6108	2205
2804	6109
2805	6111
2806	6112
2807	6113
2808	6117
2809	6118
2810	6120
2811	6123
2812	6124
2813	6125
2814	6126
2815	6127
2816	6129
2817	6130
2818	6132
2819	6134
2820	6135
2821	6136
2822	6137
2823	6138
2824	6139	5220	4694	628	2559
2825	6141
2826	6142
2827	6143
2828	6144
2829	6149
2830	6151
2831	6154
2832	6155
2833	6158
2834	6160
2835	6161
2836	6163
2837	6164
2838	6165
2839	6167
2840	6168
2841	6172
2842	6173
2843	6174
2844	6175
2845	6177
2846	6179	4397	6406	6636	6373	3267	3453	3548	474	2576	2151	3031	2057	6396	4248	6807	7166	6873	5083	991	1053	5785	6284	6145	6115	2984	3896	5135	7058	7069	3842	4576	2649	4509	4880	89	1729	3756	3037	6082	5886	599	5800	5126	1225	2203	995	3834	2125	1948	392	2048	3496	4039	1170	3902	6070	1978	3215	5431	3582	389	3176	430	5803	4348	4146	3716	1739	5038	3655	3106	4056	888	739
2847	6182
2848	6183
2849	6184	2440	4199	5155	5739	3295	3103
2850	6186
2851	6187
2852	6188
2853	6191	1130	3219	1630
2854	6193
2855	6194
2856	6195
2857	6196
2858	6197
2859	6198
2860	6199
2861	6201
2862	6202
2863	6203
2864	6204
2865	6205
2866	6206
2867	6207
2868	6208
2869	6211
2870	6212
2871	6214
2872	6215
2873	6216
2874	6217
2875	6218	5028	6227
2876	6219
2877	6220
2878	6223
2879	6226
2880	6228	5550	6300	3704	58	3066
2881	6230
2882	6232
2883	6233
2884	6234	6979	6719
2885	6236
2886	6237
2887	6238
2888	6240
2889	6241
2890	6242
2891	6243
2892	6244
2893	6245
2894	6246
2895	6247
2896	6249
2897	6251
2898	6252
2899	6253
2900	6256
2901	6259
2902	6260
2903	6261
2904	6266	6526	5638	1506	6501	3049	6876	6302	5228	5497	3488	2229	2177	4303	5272	4786	4978	3812	1542	2832	1430	4853	1883	942	2351	1937	1848	2280	2164	229	203	136	4610	145	906	2914	1608	1385	1167	2081	5049	4522	3183	469	1905
2905	6267
2906	6269
2907	6270
2908	6271
2909	6272
2910	6273
2911	6275
2912	6276
2913	6277
2914	6280
2915	6281
2916	6282
2917	6285
2918	6287
2919	6289
2920	6290
2921	6292	6797	5870	1014	1277
2922	6293
2923	6294
2924	6296
2925	6297
2926	6298
2927	6299
2928	6301
2929	6303
2930	6305
2931	6307
2932	6309
2933	6310
2934	6313
2935	6314
2936	6315
2937	6316
2938	6319
2939	6320
2940	6322	5954	4913
2941	6323
2942	6324	6958	5000
2943	6325
2944	6326
2945	6327
2946	6329
2947	6330
2948	6331
2949	6332
2950	6333
2951	6334
2952	6335
2953	6337
2954	6338
2955	6340	5771	910	5859	830	2133	1134
2956	6343
2957	6346
2958	6347
2959	6348
2960	6349
2961	6350
2962	6351
2963	6352
2964	6353
2965	6354
2966	6355
2967	6357
2968	6360
2969	6362
2970	6363
2971	6367
2972	6368
2973	6369
2974	6371
2975	6374
2976	6375	5404	6682	1207	1629	4550	4395	3590	2106	4840	2698	1856	1596	2186	1895	1349
2977	6376
2978	6377
2979	6378
2980	6379	5934	3765	3551
2981	6380
2982	6382
2983	6384
2984	6385
2985	6388
2986	6393
2987	6394
2988	6395
2989	6397
2990	6400
2991	6404
2992	6405	2305	4180	5894	2931	2947	2220
2993	6407
2994	6408
2995	6409
2996	6412
2997	6413
2998	6414
2999	6416
3000	6417
3001	6418
3002	6419
3003	6420
3004	6421
3005	6422
3006	6424
3007	6426	1058	186
3008	6427
3009	6428
3010	6429
3011	6430
3012	6432
3013	6433
3014	6434
3015	6435
3016	6436
3017	6437
3018	6439
3019	6440
3020	6442
3021	6444
3022	6447
3023	6448
3024	6449
3025	6450
3026	6452
3027	6453
3028	6455
3029	6456
3030	6457
3031	6459	1843	6025
3032	6460
3033	6461
3034	6462
3035	6463
3036	6465
3037	6467
3038	6469
3039	6471
3040	6472
3041	6473
3042	6474
3043	6476
3044	6477
3045	6478
3046	6479
3047	6480
3048	6481
3049	6482
3050	6483
3051	6484
3052	6485
3053	6486
3054	6488
3055	6489
3056	6490
3057	6491
3058	6492
3059	6493
3060	6494
3061	6495
3062	6496
3063	6497
3064	6499
3065	6500
3066	6502
3067	6503
3068	6506
3069	6507
3070	6510
3071	6511
3072	6512
3073	6513
3074	6514
3075	6515
3076	6516
3077	6518
3078	6521
3079	6522
3080	6524
3081	6525
3082	6528
3083	6529	1874	1562	5829	4799
3084	6530	6725	5567	3163	939	5532	535	2447	2480	5141	4265	993	3437	3966	409	4070	1055	1654	124	5148	4820	5488	5525	3676	5669	6336	4732	5298	1129	3154	576	879	5046	3041	6159	4500	5116	4057	5765	4227	4191	3740	4124	445	1759	5561	3808	6909	1575	2187
3085	6531
3086	6533
3087	6534
3088	6537	3220	6454	4236
3089	6538
3090	6540
3091	6542
3092	6544
3093	6545
3094	6546
3095	6547
3096	6548
3097	6550
3098	6551
3099	6553
3100	6554
3101	6555	6872
3102	6556
3103	6559
3104	6560
3105	6561
3106	6562
3107	6563
3108	6564
3109	6565
3110	6567
3111	6569
3112	6570	6745	4599
3113	6571
3114	6572
3115	6573
3116	6574
3117	6575
3118	6576
3119	6577
3120	6579
3121	6581
3122	6582
3123	6584
3124	6585
3125	6587
3126	6588
3127	6590
3128	6591
3129	6594
3130	6596
3131	6597
3132	6599
3133	6601
3134	6602
3135	6603
3136	6604
3137	6605
3138	6607	3929	4200	2145	5694
3139	6608
3140	6609	3234	2633	2443	1249	1831
3141	6611
3142	6613
3143	6614
3144	6615
3145	6616
3146	6617
3147	6618
3148	6619
3149	6620
3150	6621
3151	6622
3152	6623
3153	6624
3154	6625
3155	6626
3156	6628
3157	6629
3158	6630
3159	6631
3160	6632
3161	6633	3529	1489	147	3394
3162	6634
3163	6635
3164	6637
3165	6639
3166	6640
3167	6641
3168	6642
3169	6644
3170	6645
3171	6646
3172	6648
3173	6649
3174	6651
3175	6652
3176	6653
3177	6654
3178	6655
3179	6656
3180	6657
3181	6658
3182	6659
3183	6660
3184	6661
3185	6665
3186	6667
3187	6668
3188	6669	1126	4934	5344	6470	1389	6020	3483	3687	2864	741	2424	1334	1290	4680	4076	4047	4032	491	6961	4807	6610	7046	6899	4857	4321	2022	2546	6425	1363	5753	5333	3464	185	4856	553
3189	6670
3190	6671	7228	4072	3952	5265	4697	838	4642	1490	2728	3703	5593	5575	5329	6358	519	1106	440
3191	6672
3192	6673
3193	6674	6061	6541	7235	6308	1044	4272	806	4891	2659	2652	286	5263	5405	6365	1791	2512	6451	1882	2142	1127	2212	6119	1041	4172	5034	4754	3400	3604	5841	7078	4963	6589	4539	3170	4993	517	6761	6536	3229	6055	4344	364	2966	4839	3322	802	6210	5831	473	2074	6057	5475	5720	6250	5702	6023	2466	1673	1854	3376	4549	2316	2005	685	761	6552	3988	613	1375	1015	290	6927	6930	6446	4364	6475	6398	6498	3321	5913	4427	5308	4935	7033	3156	1769	3203	4209	6056	3306	1536	6445	4810	6200	6274	5486	6045	5502	6580	6146	4382	4460	3247	4066	3236	3580	3528	3225	3858	354	2002	559	3119	2357	224	2393	281	2252	3455	4765	3650	5075	4060	378	3151	4212	5204	3544	2711	2442	2720	1331	948	30	6666	3279	6257	3271	2595	2020	6578	3872	3949	5421	648	5346	3936	3639	4991	3577	1311	740	736	2710	3626	2784	1822	1442	4734	2406	2876	5370	4368	6431	5613	4600	6071	5357	1012	4018	3996	2656	864	2973	2945	49	4168	1853	5031	3978	2835	255	503	4086	1171	1105	849	1009	2844	2035	3076	3825	3393	3954	1627	488	6520	4493	2128	6262	5332	6133	2932	4281	5014	5015	3094	6148	5314	4485	5315	3923	3140	3351	3008	5098	1961	537	2192	1669	1967	5023	3634	5218	4150	3033	1003	509
3194	6675
3195	6676
3196	6678
3197	6680
3198	6681
3199	6683
3200	6684
3201	6685
3202	6686
3203	6689
3204	6690
3205	6691
3206	6692
3207	6693	1120	4588	3702	2538	3850	3879	2808	4269	2950	2449	2494	1285	2282	2026
3208	6695
3209	6696
3210	6697
3211	6700
3212	6701
3213	6702
3214	6704
3215	6705
3216	6706
3217	6707
3218	6709
3219	6711
3220	6713
3221	6714	5629	5749	5995	4030	5519	3249	4340	2777	380	3734	4435	3274	1359	1512	3895	4260	2407	2963	4472	4241	2586	744	2995	797	4453	3386	1552	181
3222	6716
3223	6717
3224	6720
3225	6721
3226	6722
3227	6724
3228	6726
3229	6727
3230	6728
3231	6729
3232	6730	5617
3233	6731
3234	6732
3235	6733
3236	6734
3237	6735
3238	6736
3239	6737
3240	6738
3241	6739
3242	6740
3243	6741
3244	6742
3245	6743	5907	5369	4932	731	5088
3246	6746
3247	6747
3248	6749
3249	6750
3250	6751
3251	6752
3252	6755
3253	6756
3254	6757
3255	6759
3256	6762
3257	6764
3258	6765
3259	6766
3260	6767
3261	6768
3262	6770
3263	6771
3264	6773
3265	6774
3266	6775
3267	6776
3268	6777
3269	6778
3270	6779
3271	6782
3272	6783
3273	6784
3274	6785
3275	6786
3276	6788
3277	6789
3278	6790
3279	6793
3280	6794
3281	6795
3282	6796
3283	6798
3284	6799
3285	6801
3286	6803
3287	6808
3288	6809
3289	6810
3290	6811
3291	6812
3292	6813	6342	987	4289	436	1539
3293	6814
3294	6815
3295	6817
3296	6818
3297	6820
3298	6821
3299	6823
3300	6824
3301	6825
3302	6826
3303	6827
3304	6828
3305	6829
3306	6830
3307	6832	3780	2819
3308	6833
3309	6835
3310	6836
3311	6837
3312	6838
3313	6839
3314	6840
3315	6841
3316	6842	3182	3774
3317	6843
3318	6844
3319	6845
3320	6846
3321	6847
3322	6849
3323	6850
3324	6853
3325	6854
3326	6855
3327	6856
3328	6857
3329	6858
3330	6859
3331	6862
3332	6863
3333	6864
3334	6865
3335	6866
3336	6867
3337	6868
3338	6870
3339	6875
3340	6877
3341	6878
3342	6879
3343	6881
3344	6883
3345	6884
3346	6885
3347	6886
3348	6887
3349	6889
3350	6891
3351	6892
3352	6894
3353	6895
3354	6896
3355	6897
3356	6898
3357	6900
3358	6901
3359	6904
3360	6905
3361	6906
3362	6908
3363	6910
3364	6911
3365	6912
3366	6913
3367	6914
3368	6915
3369	6916
3370	6917
3371	6918
3372	6919
3373	6920
3374	6921
3375	6922
3376	6923
3377	6925
3378	6926
3379	6928
3380	6929
3381	6931
3382	6932
3383	6933
3384	6934
3385	6936
3386	6937
3387	6938
3388	6939
3389	6940
3390	6941
3391	6944
3392	6945
3393	6946
3394	6948
3395	6950
3396	6951
3397	6953
3398	6954	4960	6791	2960	1472
3399	6957
3400	6959
3401	6962
3402	6963
3403	6964
3404	6965
3405	6966
3406	6967
3407	6968
3408	6969
3409	6970
3410	6971
3411	6972
3412	6973
3413	6976
3414	6977
3415	6978	6949	6049
3416	6981
3417	6982
3418	6983
3419	6984
3420	6985
3421	6986
3422	6987
3423	6988
3424	6989
3425	6991
3426	6993
3427	6994
3428	6995
3429	6996
3430	6997
3431	6999
3432	7000
3433	7001
3434	7002
3435	7003
3436	7004
3437	7005
3438	7006
3439	7007
3440	7008
3441	7010
3442	7011
3443	7012
3444	7014
3445	7015
3446	7016
3447	7018
3448	7019
3449	7020
3450	7021
3451	7022
3452	7023
3453	7024
3454	7025
3455	7026
3456	7027
3457	7028
3458	7029
3459	7031
3460	7032
3461	7035
3462	7036
3463	7037
3464	7038
3465	7039
3466	7040
3467	7041
3468	7042
3469	7043
3470	7045
3471	7047
3472	7048
3473	7049
3474	7050
3475	7051
3476	7052
3477	7053
3478	7054
3479	7055
3480	7056	5703	6760	2954	5150	1753	6391	6708	2096	4226	2291	5844	5413	4205	6754	4568	6627	5229	6372	35	4216	5713	952	2031	2136	2036	3520	4753	1871	4586	3385	2462	3931	104	720
3481	7057
3482	7059
3483	7061
3484	7062
3485	7063
3486	7064
3487	7065
3488	7067
3489	7070
3490	7071
3491	7072
3492	7073
3493	7074
3494	7075
3495	7076
3496	7077
3497	7079
3498	7080
3499	7081
3500	7082
3501	7083
3502	7085
3503	7086
3504	7087
3505	7088
3506	7089
3507	7090
3508	7091
3509	7092
3510	7093
3511	7094
3512	7096
3513	7097
3514	7098
3515	7099
3516	7100
3517	7101
3518	7102
3519	7103
3520	7104
3521	7105
3522	7106	2368	5584
3523	7107
3524	7108	4706	1733	1322	3311
3525	7109
3526	7110
3527	7111
3528	7112
3529	7113
3530	7115	3067	2015	1640
3531	7116
3532	7117
3533	7118
3534	7119
3535	7120
3536	7121
3537	7122
3538	7123
3539	7124
3540	7125
3541	7127
3542	7129
3543	7130
3544	7131
3545	7132
3546	7133
3547	7134
3548	7135
3549	7136
3550	7137
3551	7138
3552	7139
3553	7140
3554	7141
3555	7142
3556	7143
3557	7144
3558	7145
3559	7146
3560	7148
3561	7149
3562	7150
3563	7151
3564	7152
3565	7153
3566	7154
3567	7155	3003	4717	666
3568	7156
3569	7157
3570	7158
3571	7159
3572	7160
3573	7161
3574	7162
3575	7163
3576	7164
3577	7167
3578	7168
3579	7169
3580	7170
3581	7172
3582	7173
3583	7174
3584	7175
3585	7176
3586	7177
3587	7178
3588	7179
3589	7180
3590	7182
3591	7183
3592	7184
3593	7185
3594	7186
3595	7187
3596	7188
3597	7189
3598	7190
3599	7191
3600	7192
3601	7194
3602	7195
3603	7196
3604	7197
3605	7198
3606	7199
3607	7200
3608	7201
3609	7202
3610	7203
3611	7204
3612	7205
3613	7206
3614	7207
3615	7208
3616	7209
3617	7210
3618	7211
3619	7212
3620	7213
3621	7214
3622	7215
3623	7216
3624	7217
3625	7218
3626	7219
3627	7220
3628	7221
3629	7222
3630	7223
3631	7224
3632	7225
3633	7227
3634	7230
3635	7231
3636	7232
3637	7233
3638	7234
3639	7236
3640	7237
3641	7238
3642	7239
3643	7240
3644	7242
3645	7243
3646	7244
3647	7246
3648	7247
3649	7248
3650	7249
3651	7250
3652	7251
3653	7252
3654	7253
3655	7254
3656	7255
3657	7256
3658	7257
3659	7258
3660	7259
3661	7260
3662	7261
3663	7262
3664	7263
3665	7264
3666	7265
3667	7266
3668	7267
3669	7268
3670	7269
3671	7270
3672	7271
3673	7272
3674	7273
3675	7274
3676	7275
3677	7276
3678	7277
3679	7278
3680	7280
3681	7281
3682	7282
3683	7283
3684	7284
3685	7285
3686	7286
3687	7287
3688	7288
3689	7290
3690	7291
3691	7292
3692	7293
3693	7294
3694	7296
3695	7297
3696	7298
3697	7299
3698	7300
3699	7302
3700	7303
3701	7304
3702	7305
3703	7306
3704	7308
3705	7309
3706	7310
3707	7311
3708	7312
3709	7313
3710	7314
3711	7315
3712	7316
3713	7317
3714	7318
3715	7319
3716	7320
3717	7321
3718	7323
3719	7324
3720	7325
3721	7326
3722	7327
3723	7328
3724	7329
3725	7330
3726	7331
3727	7332
3728	7333
3729	7334
3730	7335
3731	7336
3732	7337
3733	7338
3734	7339
3735	7340
3736	7341
3737	7342
3738	7343
3739	7344
3740	7345
3741	7347
3742	7348
3743	7349
3744	7350
3745	7351
3746	7352
3747	7353
3748	7354
3749	7355
3750	7356
3751	7357
3752	7358
3753	7359
3754	7360
3755	7361
3756	7362
3757	7363
3758	7364
3759	7365
3760	7366
3761	7367
3762	7368
3763	7369
3764	7370
3765	7371
3766	7372
3767	7373
3768	7374
3769	7375
3770	7376
3771	7377
3772	7378
3773	7380
3774	7381
3775	7382
3776	7383
3777	7384
3778	7385
3779	7386
3780	7387
3781	7388
3782	7390
3783	7391
3784	7392
3785	7393
3786	7394
3787	7395
3788	7396
3789	7397
3790	7398
3791	7399
3792	7400
3793	7401
3794	7402
3795	7403
3796	7404
3797	7405
3798	7406
3799	7407
3800	7408
3801	7409
3802	7410
3803	7411
3804	7412
3805	7413
3806	7414
3807	7415
3808	7416
3809	7417
3810	7418
3811	7419
3812	7420
3813	7421
3814	7422
3815	7423
3816	7424
3817	7425
3818	7426
3819	7427
3820	7428
