0	0
1	11
2	12
3	15
4	16	10	208	77
5	18
6	29
7	30
8	33
9	34
10	37
11	42
12	43
13	47
14	48
15	49
16	50
17	54
18	58
19	62
20	65
21	72
22	73
23	74
24	76
25	81
26	84
27	97
28	103	339	246	87	168	129	334	22	7	69	288	121	250	236	88	324	213	199	302	300	330	266	204	299	254	249	280	196	194	242	101	187	180	94	92	24	314	325	290	313	271	80	130	57	53	297	217	301	27	308	323	274	96	304	105	169	200	83	51	23	31	277	25	224	126	207	276	260	1	133	141	221	272	164	117	285	322	315	303	45	60	232	239	109	142	188	170	106	329	331	231	178	248	291	158	38	132	261	211	223	238	203	252	172	9	59	150	119	100	64	113	67	56	122	26	21	104	66	123	55	98	190	176	148	79	82	13	3	85	75	185	320	269	202	284	197	184	281	251	135	36	108	139	127	40	230	71	265	165	63	118	258	212	257	156	5
29	107
30	114
31	120
32	125
33	128
34	134
35	136
36	138
37	145	90
38	146
39	153
40	154
41	155	124
42	157
43	159
44	161	39
45	163
46	179
47	182
48	183
49	186
50	189
51	191
52	192
53	205
54	206	160
55	209
56	210
57	215
58	216
59	222
60	228
61	233
62	234
63	235
64	237
65	240
66	241
67	244
68	247
69	253
70	255
71	256
72	259	110	201	245	193	91	8	61
73	263	227	35	225	177	131	46	86	143	99	175	102	68
74	264
75	267
76	268
77	270
78	275	273	218	181	78	152	195	4
79	278
80	279
81	282
82	283
83	286
84	287
85	289
86	292
87	293
88	294
89	295
90	296
91	298
92	306
93	307
94	309
95	311
96	316
97	317
98	318	229
99	319	174	112	70	333	214	19	219	147	95	89	6	326	312	226	162	149	116	115	262	220	305	20	2	144	52	44	243	310	167	151	41	93	32	111	137	140	28	14	17
100	321
101	327
102	328
103	332
104	335
105	336
106	337
107	338
108	340
109	341
110	342
111	343
112	344
113	345
114	346
115	347
116	348
117	356
118	358
119	372
120	377
121	383
122	385
123	389
124	390
125	394	511	493
126	401
127	414
128	418	405	444
129	423
130	425
131	428
132	438
133	443
134	447
135	453	532	386	406	498	379	467	437	499	411
136	460
137	464	384	427
138	468
139	469
140	470
141	472
142	473	463	413	445	415	362	442	448	439
143	476	173	501	441	399	454	351	393	364	198	166
144	482
145	489	502	491	490	446	462	367	361
146	496	488	478	440	349	434
147	508
148	512
149	521
150	526
151	527
152	530
153	533
154	535
155	538
156	540
157	542
158	550
159	551
160	552
161	560
162	562
163	564
164	565
165	567	3925	3723	3551	3566	3487	3530	3741	3504
166	568
167	569
168	570
169	571
170	572
171	576	577	578
172	581
173	585
174	593
175	594
176	601
177	602
178	607
179	608
180	610
181	613
182	624
183	628
184	629
185	638
186	641
187	642
188	648
189	649
190	652
191	655
192	656
193	659	658	647	643	640	635	632	627	615	600	583	599	595	582
194	660
195	663
196	665
197	667
198	668
199	669
200	671
201	673
202	674
203	675	670	662	661	650
204	681
205	682
206	683
207	684
208	685
209	686
210	692
211	700
212	701
213	716
214	722
215	723
216	727
217	730
218	735
219	749
220	750
221	757
222	759
223	761
224	770
225	774	737	807
226	775
227	777
228	779	765	741
229	785
230	788
231	790
232	796	791	802	771	732	714	822	768	818	767	806	712	725	702	689	733
233	799
234	801
235	803
236	808
237	811	852	798	717	769
238	813	786	782	816	699	789	736	691	746	743	707	742
239	821
240	826
241	832
242	833
243	835
244	839
245	841
246	843
247	845
248	846
249	848
250	849
251	850
252	851
253	853
254	854
255	855
256	860
257	865
258	868
259	869	857	879	870	866	881	871	858	884	864	825	856	886	882	878	876	863	804	729	888	861	753	859	877	885	874	872	867	776	698	838	837	830	828	800	772	820	824	823	819	709	815	792	780	697	836	842	847	829	834	814	810	710	706	766	760	784	793	787	763	748	783	758	755	718	764	747	773	752	695	688	719	694	728	703	687	693	812	778	696	704	721	744	844	840	754	713	690	831	795	734	738	724	817	740	809	797	805	781	720	745	731	827	762	715	756	726	705	751	794	711	739	708
260	873
261	875
262	880
263	883
264	887
265	889
266	890
267	891
268	892
269	893
270	894
271	895
272	904
273	907
274	911
275	918
276	920
277	926
278	927
279	932
280	933
281	934
282	940
283	941	1350	1229
284	943
285	945
286	946
287	947
288	952
289	959
290	961
291	967
292	978
293	982
294	987	1203
295	988
296	999
297	1003
298	1013
299	1014
300	1022
301	1026
302	1028
303	1034
304	1038	1301
305	1039
306	1044
307	1047
308	1048
309	1054
310	1056
311	1065
312	1068	1223	1012
313	1076
314	1084
315	1091	1627	1027	1105	1002
316	1092
317	1093
318	1096
319	1103
320	1106	1154	1295	1749	1248	937	1264
321	1117
322	1119
323	1123
324	1128
325	1135
326	1143
327	1145
328	1151	1364	1411
329	1156
330	1164
331	1168
332	1175
333	1176
334	1182
335	1191
336	1195
337	1196	1805	1678	1836	1513	1458	1305	922
338	1200
339	1201
340	1202	1071	1780
341	1206
342	1208
343	1210
344	1222
345	1224
346	1233
347	1240
348	1241
349	1243
350	1252
351	1253
352	1254
353	1255
354	1262
355	1263
356	1265
357	1267
358	1270
359	1272
360	1273	1166	1244	1090	1500
361	1276
362	1280
363	1281
364	1282
365	1287
366	1293
367	1300
368	1312
369	1316
370	1323
371	1325
372	1326
373	1336
374	1342
375	1346	998	1518
376	1353
377	1362
378	1372
379	1373
380	1381	1286
381	1386
382	1387	1297	1171	171	1656
383	1394
384	1397	1357	1095	1720	1422	1776	1657	910	912	1114
385	1405
386	1409
387	1425
388	1430
389	1438
390	1448
391	1451
392	1460
393	1464
394	1466
395	1481
396	1485
397	1486
398	1491
399	1495
400	1499	1403	1218	1546	1177	1368	1111	1197	1384	1030	955	909	1365	1562	1138	979	1016	956	1043	1045
401	1506
402	1517
403	1520
404	1524
405	1530
406	1531	1829	1094	1443	1234	1268	1385	1478
407	1537
408	1539
409	1540
410	1541
411	1558
412	1560
413	1571
414	1578
415	1579
416	1580
417	1581
418	1586
419	1594	1383	1157	1395
420	1602
421	1605
422	1607	1057	1053
423	1618
424	1637
425	1646
426	1651
427	1654	1473	1492	994	1194	1046	1152	1545	1455
428	1664
429	1670
430	1672
431	1684
432	1688
433	1690
434	1692
435	1693
436	1703	1640	1759	1474	1667	1127	1134	1000	974
437	1708
438	1710	1069
439	1711
440	1713
441	1722
442	1738
443	1745	1412	1510	1781	1529	1650	1418	1296	1727	1575	1436	1343	1217	968	913	606	1728	1655	1647	1576	1550	1392	1691	1628	1204	989	1595	1382	1324	1583	1462	1426	1573	1479	1742	1729	1661	1502	1515	1081	969	1706	1649	1454	1871	1828	1812	1848	1824	1751	1638	1508	1406	1582	1303	1396	1309	1345	1277	1298	1322	1158	1873	1884	1682	1636	1680	1611	1596	1715	1591	1475	1404	1379	1231	1284	1292	1279	1227	1192	1067	1129	1235	902	957	1082	896	1148	1120	975	981	1020	1102	1099	942	954	1190	1459	1413	1423	1315	1015	1009	1060	1100	1036	1104	1021	1019	1261	1245	1108	1018	984	1894	1820	1783	1786	1872	1862	1569	1857	1635	1899	1732	1587	1246	1221	1347	1592	1716	1414	1432	1115	1066	1032	898	1507	1311	1189	905	1121	949	1304	1699	1686	1634	1633	985	1354	1089	1005	1213	964	1338	1131	1355	1299	986	1308	1141	1228	1010	924	1876	1904	1770	1739	1624	1725	1504	1275	1348	1226	1428	1469	1415	1259	1472	1236	1260	1037	1035	1139	1225	1310	1167	1188	965	1070	1159	1051	1258	1072	1109	1041	1011	944	1496	1482	1525	1052	1183	1062	1306	1709	1249	1169	977	1042	1630	1536	1444	1366	917	1435	1147	1893	1503	1704	1489	1215	971	1526	1429	1427	1025	1349	566	1677	412	388	360	471	487	365	426	419	536	494	409	416	539	522	531	541	480	397	504	554	528	449	433	407	510	350	518	516	509	459	477	505	486	424	381	457	357	435	534	549	485	369	380	525	548	555	547	546	410	450	474	519	396	452	359	382	421	557	558	543	495	545	544	523	520	507	481	529	466	429	455	432	402	458	403	355	354	645	587	586	604	646	634	591	561	559	524	537	492	500	475	1844	1763	1606	1549	1660	1625	1565	1878	1778	1870	1744	1740	1446	1645	1616	1358	1320	1179	580	483	1318	1332	948	366	353	484	376	373	370	1801	1767	1773	1766	1695	1673	1374	1080	1679	1574	1514	1543	976	1237	651	936	1001	1122	1212	1064	1356	939	931	1113	1294	1142	930	915	417	391	378	392	400	395	363	371	408	404	465	398	368	479	456	375	352	451	420	430	387	374	680	584	657	639	631	677	666	644	633	588	679	678	618	664	630	654	653	617	609	626	636	623	625	619	611	603	597	592	579	573	589	605	598	612	575	590	553	672	620	422	919	596	622	621	574	616	1257	1694	1512	1313	637	517	1400	1631	1490	1155	676	614	514	556	1170	1007	935	563	513	506	515	503	497	461	436	431
444	1748
445	1755
446	1756
447	1760
448	1761
449	1762
450	1764
451	1777
452	1782	1791	1617	897	1509	1522	1467	1498	1220	950	1535	1029
453	1785
454	1788
455	1790
456	1792
457	1797
458	1808
459	1814
460	1815
461	1825
462	1830
463	1834
464	1838
465	1840
466	1841
467	1845
468	1850
469	1851
470	1852
471	1853
472	1854
473	1855
474	1856
475	1859
476	1861	1842	1675	1795	1752	1789	1827	1813	1750	1757	1665	1796	1793	1610	1603	1712	1668	1559	1621	1612	1516	1584	1391	1483	1447	1456	1330	1402	1683	1717	1659	1653	1632	1652	1644	1620	1557	1344	1375	1416	1340	1898	1888	1879	1835	1811	1754	1864	1849	1839	1816	1868	1832	1804	1741	1823	1810	1800	1799	1736	1622	1600	1597	1420	1172	1768	1746	1730	1689	1707	1714	1663	1589	1613	1367	1390	1376	1352	1431	1059	1079	1256	1238	1211	1199	1078	1132	1153	1126	1086	1017	1107	1885	1818	1453	1794	1743	1831	1901	1897	1881	1671	1247	1867	1807	1408	1658	1487	1731	1696	1162	1599	1566	1497	914	962	1101	1125	966	1006	1024	960	1083	1198	1339	1149	1250	1184	1112	1075	1049	1110	906	1826	1401	1886	1874	1877	1809	1207	1598	1471	1269	1185	1377	1833	1463	1821	1819	1735	1662	1846	1765	1639	1614	1643	1608	1570	1563	1331	1772	1723	1619	1542	1488	1370	1398	1753	1669	1484	1501	1775	1843	1734	1685	1528	1554	1551	1329	1160	997	953	1173	995	1335	1289	1004	1288	1285	1291	993	1721	1737	1623	1724	1572	1278	1532	1771	1700	1181	1242	1359	1205	1230	1393	1116	1407	1290	1209	1334	1609	1604	1470	1389	1180	1388	1547	1457	1214	1163	1341	973	1863	1674	1523	1283	1702	1774	1769	1327	1077	1858	1817	1626	1337	1865	1860	1902	1909	1521	1561	1150	1161	1321	1361	1124	925	980	921	1146	1399	1219	1074	1239	1351	1437	1697	1556	1538	1380	1449	1302	1439	1442	1133	899	1480	1130	1271	1040	972	1063	983	916
477	1866
478	1869
479	1875
480	1882
481	1883
482	1887	1417
483	1889
484	1890
485	1891
486	1892
487	1895
488	1896
489	1900
490	1903
491	1905
492	1906
493	1907
494	1908
495	1910
496	1911
497	1912
498	1916
499	1929
500	1934
501	1941
502	1952
503	1953
504	1954
505	1955
506	1963
507	1967
508	1969
509	1982	2367	2345	2259	1926
510	1987
511	1989
512	1994
513	2004
514	2014
515	2021
516	2026
517	2038
518	2055
519	2060
520	2070
521	2079
522	2086
523	2105
524	2134
525	2136
526	2137
527	2141	2166	2260	1944	2048	1923
528	2162
529	2179	2311	2287
530	2182
531	2185
532	2186
533	2195
534	2198
535	2205
536	2210
537	2213
538	2239
539	2254
540	2257
541	2258
542	2262
543	2269
544	2285
545	2293
546	2298	2325	2209
547	2300
548	2303
549	2305
550	2330	2215	2065	2208	2057
551	2332
552	2373	2614	2562	2080	2193	2548	2441	2422	2450	2375	2405	2129	2181	2455	2357	2628	2488	2412	2618	2577	2570	2160	2120	1922	1933	1915	2126	2156	2382	2341	2197	2023	2091	2403	2497	2227	2503	2173	2107	2249	2558	2528	2439	2263	2313	2217	2113	2100	2051	2277	2360	2402	2317	2397	2251	2448	2371	2440	2119	2082	2342	2361	2314	2335	2286	2049	1936	1930	2248	1990	1978	1975	2089	2035	1960	2236	2231	1965	2358	2238	2146	2228	2152	2015	1949	2114	2008	1937	2230	2099	2130
553	2380
554	2383
555	2388
556	2411	2487	2535	2301	2281	2245	2481	2167	2094	1961	2474	1956	2158
557	2424
558	2429
559	2431
560	2437
561	2442
562	2452
563	2456
564	2457
565	2459
566	2470
567	2480
568	2493
569	2496
570	2498
571	2505	2453	1974	2264
572	2514	2066	2475	2031
573	2515	2584	2478	2443	2527	2483	2513	2426	2320	2466	2255	2622	2207	2490	2486	2444	2401	2349	1988	2170	1992	2076	1924	2393	2350	2391	2387	2407	2454	2288	2449	2427	2044	2234	2092	2067	2147	2019	1942	2058
574	2517
575	2518
576	2522
577	2524
578	2530
579	2534
580	2540
581	2541
582	2545
583	2565	1996	2321	2041	2034	2017	2421	2168	2106	2204	2178
584	2569
585	2572
586	2573
587	2580
588	2581
589	2587
590	2594
591	2595
592	2596
593	2612
594	2613
595	2621
596	2630	2625	2624	2615	2607	2579	2619	2611	2604	2602	2601	2600	2593	2586	2590	2578	2564	2561	2554	2552	2553	2556	2550	2549	2546	2495	2485	2526	2520	2504	2542	2507	2492	2500	2464	2482	2446	2460	2423	2395	2408	2414	2410	2374	2369	2329	2418	2469	2539	2484	2433	2430	2359	2352	2376	2428	2409	2381	2363	2370	2386	2339	2340	2356	2354	2271	2290	2276	2348	2334	2468	2347	2278	2299	2261	2306	2404	2307	2275	2323	2331	2326	2309	2324	2233	2190	2240	2244	2229	2206	2220	2218	2200	2188	2108	2088	2150	2172	2201	2140	2131	2139	2095	2118	2090	2104	2123	2073	2078	2063	2074	2020	1984	2033	2093	2112	2005	2045	2472	2465	2420	2135	2267	2364	2284	2171	2202	2192	2157	2027	2022	2018	2009	2435	2297	2050	1958	2011	2000	2378	2337	2338	2319	2292	2557	2610	2531	2529	2400	2322	2523	2355	2312	2389	1913	2659	2658	2645	2640	2627	2620	2636	2633	2583	2365	2585	2657	2648	2647	2626	2447	1968	2346	2061	2159	2024	1991	2006	1995	2001	1998	1972	1951	1935	1919	1927	1914	1921	1931	1957	2116	2013	2413	1999	1973	1980	2225	2012	2016	2639	2538	2097	2025	2494	1976	1928	1950	2419	2519	2163	2516	2512	2502	2295	2368	2537	2508	2398	2384	2189	2194	2196	2279	2042	2191	2144	2392	2568	2603	2479	2501	2096	2396	2062	1959	2132	1947	1970	2458	2451	2161	2385	2372	2336	2315	2280	2235	2053	2333	2328	2199	2642	2629	2175	2637	2641	2643	2605	2617	2616	2608	2598	2589	2597	2567	2555	2533	2588	2582	2609	2599	2592	2509	2491	2511	2510	2445	2436	2302	2463	2471	2461	2250	2241	2294	2148	2316	2547	2571	2379	2473	2417	2232	2283	2282	2187	2183	2224	2268	2223	2133	2117	2180	2174	2566	2406	2085	2219	2291	2036	2265	2256	1977	2366	2214	1964	2029	2252	2177	2425	2416	2362	2270	2318	2242	2211	2525	2310	2155	2272	2296	2226	2145	2169	2149	2138	2153	2039	2071	2102	2125	2052	2072	2068	2007	2028	1948	1932	1920	2047	2002	1940	2010	1718	2087	2111	2054	2081	2032	1945	1577	2394	2438	2434	2432	2415	2390	2243	2377	2344	2327	2274	2222	2221	2110	2304	2101	2075	2003	1981	1939	2273	2246	2247	2176	2151	2399	2544	2351	2343	2128	2289	1465	2127	2203	2143	2098	2165	2212	2109	2046	2253	2184	2154	2121	2083	2142	2266	2103	2124	2069	2064	2043	1983	1985	1966	2037	1986	1997	1925	1918	2606	2591	2575	2574	2563	2532	2560	2559	2521	2631	2654	2638	2646	2623	2499	2489	2551	2543	2477	2353	2476	2576	2536	2506	2467	2462	2164	2308	2237	2216	2056	2084	2040	1917	1938	1979	1946	2030	2059	1971	1993	1962	1943	2115	2122	2077
597	2632
598	2634
599	2635
600	2644
601	2649
602	2650
603	2651
604	2652
605	2653
606	2655
607	2656
608	2660
609	2662
610	2677
611	2681
612	2687
613	2688
614	2690
615	2692
616	2700
617	2702
618	2704
619	2705
620	2709
621	2712
622	2714
623	2720
624	2722
625	2723
626	2725
627	2737
628	2740
629	2741
630	2743
631	2745
632	2746
633	2748
634	2751
635	2752	2824	2721	2671
636	2764	1519	1642	1527	1023	1552	1058	1476	1534	3057	2760	2678	1726	3164	2883	3245	3222	3205	1666	1450	1505	3124	1822	1477	1779	1544	1434	1585	1266	1369	1590	1564	1441	1055	1050	1098	990	1880	1676	1511	1433	1421	1588	1187	970	908	1445	1687	1615	1567	1555	1360	1307	1274	1410	1328	1144	1136	1085	1681	1847	1803	1641	1719	1705	1494	1061	928	1806	1593	1174	1424	1784	1648	1837	1493	1802	1798	1747	1787	1733	1314	1758	1568	1548	1468	1629	1601	1363	1419	1440	1533	1232	1452	1378	1333	1371	1137	958	1216	992	1097	938	1118	903	963	901	1186	1319	951	1033	1073	900	1698	1251	1553	1701	1317	1087	929	1193	923	991	1008	1461	996	1140	1165	1178	1088	1031
637	2765
638	2766
639	2770
640	2772
641	2787
642	2788
643	2790
644	2791
645	2792	2691
646	2801
647	2802
648	2803
649	2808
650	2812	3342	3249	3346	3203	3038	3082
651	2814
652	2816
653	2818
654	2830	3334	3069	2775	2682
655	2835
656	2838
657	2840
658	2842
659	2845
660	2848
661	2852
662	2853
663	2860
664	2868
665	2869
666	2875
667	2882
668	2885
669	2887
670	2897
671	2899
672	2901
673	2903
674	2904
675	2908
676	2914
677	2917
678	2919
679	2921	2941	2822	2693	2999
680	2922
681	2923
682	2934	2843	3192	2783	2825
683	2936
684	2946
685	2950
686	2952
687	2958	2707	2964	2938	3292	3289	2947
688	2963
689	2965
690	2971
691	2979
692	2980
693	2984
694	2995
695	2998
696	3003
697	3004
698	3006
699	3009
700	3015
701	3016
702	3023
703	3024
704	3031
705	3037
706	3042
707	3044
708	3048
709	3051
710	3067
711	3071
712	3075
713	3090
714	3091
715	3093
716	3094
717	3097
718	3107
719	3112
720	3121
721	3125
722	3127	3074	3055	2817	2774
723	3129	3195	2966	2731	3036	3025	2729	3390	3388	3333	3317	3080	3231	3030	3010	2809	2837	2683	2931	2929	2773	2924	2756	2738	2944	2943	2910	3029	2953	2945	3084	2994	2977	2993	2956	3363	3417	3364	3387	3384	3348	3293	3257	3238	3362	3243	3220	3104	3392	3426	3300	3229	3139	3059	3130	3045	2978	2726	3137	2663	2851	3324	3339	3228	3284	3026	3000	2862	2786	2928	2927	2873	2890	2874	3085	3108	3174	3096	3064	2911	3047	3040	3098	3078	2694	2664	2906	2872	2866	2867	2750	2698	2877	2827	2755	2717	2676	2669	2782	3142	3163	3149	3065	3056	3033	2969	2763	2706	2754	2925	2916	2839	3123	3114	3232	2794	3166	3269	3119	2821	2960	2981	2988	3399	3226	2974	2985	3158	3135	2986	2940	2920	2679	3193	2948	3237	3294	3052	3184	3054	3143	3095	2761	2854	2891	3014	2798	2961	3092	2915	2912	2909	2913	2807	2888	2789	2769	2710	2987	2806	2967	2695	2673	2757	2800	2850	2905	2815	2666	2680	3022	3117	3286	2759	3202	3227	2884	3234	2896	2880	3073	2907	2810	2864	2777	2689	2749
724	3133
725	3134
726	3140
727	3144	2878	3215	2811	2855	2876	2785	2844
728	3147
729	3148
730	3150
731	3152
732	3153
733	3155
734	3159
735	3161
736	3175
737	3183
738	3186
739	3197
740	3210
741	3213
742	3216
743	3217
744	3218	2902	3200	3141	3122	3105	3053	2861	2799	2776	3251	3181	3180	3131	2930	2732	2975	2857
745	3219
746	3230
747	3235
748	3244
749	3250
750	3260
751	3268
752	3270
753	3271
754	3273
755	3275
756	3278
757	3282
758	3290
759	3301
760	3303
761	3306
762	3310
763	3315
764	3316
765	3322	3128	3126	3066	2886	3382	3318	3311	3309	2889	3083	2834	3325	3314	3283	3008	2959	2982	2972	2703	2879	2699	2670	2767
766	3323
767	3327
768	3329
769	3331
770	3332
771	3336
772	3337
773	3340
774	3343	2734	3276	2968	3165	3328	3254	3005	3017
775	3354
776	3360
777	3361
778	3366
779	3368
780	3370
781	3372
782	3373
783	3374
784	3375
785	3379
786	3380
787	3383
788	3385
789	3389
790	3393
791	3394
792	3395
793	3400
794	3404
795	3405
796	3407
797	3408
798	3409
799	3412
800	3413
801	3414
802	3415
803	3418
804	3420
805	3421
806	3422	3381	3406	3349	3357	3352	3411	3419	3416	3397	3391	3351	3335	3347	3330	3113	3280	3267	3252	3239	3201	3247	3169	3146	3350	3272	3258	3345	3353	3288	3320	3204	3185	3321	3299	3291	3224	3120	3106	3261	3170	3172	3403	3396	3386	3367	3287	3274	3060	3076	2992	3021	2970	3035	3049	2939	2674	2863	2849	2828	3116	2823	2708	2701	2672	2833	3277	3297	3265	2804	3132	3046	3355	3344	3206	3240	3160	3212	2989	2753	2713	2973	2793	2742	2661	2719	2778	2796	3209	3194	3058	3041	3013	2846	2780	3211	3178	3138	2795	2819	2727	3072	2716	2675	2858	3296	3304	2942	3253	2955	3425	3402	3401	3376	3338	3256	2926	3312	3319	2813	3242	3099	2667	2826	2856	2784	2895	3369	3358	3365	3189	3259	3264	2744	3187	3196	3087	2932	2871	2686	2718	3020	3063	3028	3012	2983	3246	2997	2805	2949	2935	2933	3081	3136	3263	3011	3398	3308	3266	3061	2957	2685	3079	2758	2859	3255	3236	3156	3167	2918	3032	2865	3302	3359	3356	2900	3233	3002	3027	3001	2870	2962	2820	2697	2696	3410	3371	3241	3103	3068	3207	3176	3086	3062	2711	2829	2779	2728	2951	2990	2724	3295	3168	3162	3019	3100	3018	3118	3378	3377	3199	3039	2881	3298	3262	3182	3145	3111	3281	3225	2894	2797	2684	2733	2976	2937	3191	3198	3177	3154	3007	3077	3285	3223	2892	3179	3070	3115	3102	3101	2991	2665	3313	3157	3341	3326	3110	3248	3043	2668	2739	3190	2954	3214	2836	2771	2841	2736	2898	2762	3221	2730	2781	3173	2893	3279	3305	3307	2847	2996	2735	2768	3151	3208	3171	3050	2832	2831	2715	2747	3109	3089	3088	3188	3034
807	3423
808	3424
809	3427
810	3428
811	3429
812	3430
813	3431
814	3432
815	3433
816	3434
817	3435
818	3436
819	3437
820	3438
821	3440
822	3451
823	3453
824	3470
825	3499
826	3511	3539	3861	3742	3849	3444
827	3515
828	3543
829	3552
830	3570
831	3575
832	3582
833	3588
834	3589
835	3591
836	3597
837	3606
838	3615	3572	3494
839	3631
840	3641
841	3650
842	3666
843	3670
844	3671
845	3673
846	3678
847	3686
848	3688
849	3689
850	3694
851	3698	3705	3769	3740	3835	3715	3802	3521	3553	3773	3722	3753	3713	3728	3710	3608	3636	3599	3867	3815	3907	3862	3590	3498	3637	3565	3455	3735	3663	3629	3960	3964	3933	3920	3791	3783	3776	3766	3747	3696	3655	3587	3500	3478	3840	3685	3644	3598	3607	3508	3505	3442	3482	3472	3526
852	3699
853	3704
854	3709
855	3712
856	3714	3706	3569	3486	3463	3909	3906	3855	3947	3931	3869	3870	3786	3794	3810	3568	3768	3623	3924	3903	3896	3646	3648	3900	3833	3826	3822	3711	3719	3793	3718	3558	3493	3458	3506	3509	3593	3690	3680	3483	3622	3564	3617	3584	3792	3620	3866	3782	3818	3459	3764	3937	3956	3829	3726	3554	3738	3469	3466	3507	3823	3781	3945	3915	3761	3634	3668	3630	3602	3529	3752	3510	3460	3464	3443	3825	3843	3890	3754	3767	3561	3532	3535	3468	3803	3612	3600	3676	3665	3652	3489	3583	3614	3555	3758	3601	3534	3524	3643	3474
857	3724
858	3729
859	3732
860	3733
861	3746
862	3748
863	3763
864	3770
865	3777
866	3778
867	3784
868	3785
869	3788
870	3789	3787	3751	3749	3720	3653	3632
871	3796
872	3798
873	3801
874	3806	3894	3939	3679	3863	3585	3580	3447	3657	3541	3628	3445	3819	3857	3912	3871	3892	3874	3868	3743	3725	3739	3595	3567	3538	3473	3536	3682	3745	3546	3771	3814	3811	3727	3624	3662	3549	3531	3490	3446	3441
875	3807
876	3808
877	3812
878	3816
879	3820
880	3821
881	3827
882	3832
883	3834
884	3839
885	3846
886	3847	3950	3888	3872	3659	3642	3610	3626	3592	3750	3779	3522	3674	3775	3544	3454	3660	3547	3852	3618	3667	3563	3944	3760	3797	3540	3491	3828	3889	3948	3886	3938	3851	3842	3968	3966	3780	3697	3831	3817	3860	3858	3838	3800	3804	3790	3611	3658	3707	3605	3576	3462	3640	3687	3528	3578	3557	3542	3635	3604	3545	3596	3926	3884	3456	3755	3703	3736	3684	3873	3877	3830	3734	3692	3625	3633	3577	3495	3525	3501	3449	3448	3902	3654	3737	3730	3621	3824	3731	3702	3488	3518	3514	3681	3627	3485	3574	3471	3475	3672	3497	3527	3503	3450	3864	3813	3700	3669	3502	3898	3883	3695	3649	3613	3516	3581	3594	3639	3562	3523	3481	3479	3943	3929	3841	3467	3683	3656	3651	3677	3586	3480	3891	3916	3805	3845	3693	3556	3762	3559	3573	3452	3550	3520	3484	3496	3772	3744	3691	3717	3930	3461	3457	3795	3560	3765	3756	3492	3477	3603	3609	3880	3619	3533	3721	3517	3512	862	3897	3661	3548
887	3850
888	3853
889	3856
890	3859
891	3865
892	3875	3809	3537
893	3876
894	3878
895	3881
896	3882
897	3885
898	3887
899	3893	3645
900	3895
901	3899	3957	3918	3837	3836	3759	3701	3675	3774	3757	3708	3476	3571	3465	3579	3519	3844	3716	3799	3647	3638	3616	3513	3439	3848	3854	3901	3879	3664
902	3904
903	3905
904	3908
905	3910
906	3911
907	3913
908	3914
909	3917
910	3919
911	3921
912	3922
913	3923
914	3927
915	3928
916	3932
917	3934
918	3935
919	3936
920	3940
921	3941
922	3942
923	3946
924	3949
925	3951
926	3952
927	3953
928	3954
929	3955
930	3958
931	3959
932	3961
933	3962
934	3963
935	3965
936	3967
937	3969
938	3970
939	3971
940	3972
941	3973
942	3974
943	3975
944	3976
945	3977
946	3978
947	3979
948	3980
949	3983
950	3984
951	3987
952	3992
953	3996
954	3999
955	4001
956	4005
957	4006
958	4008
959	4010
960	4012
961	4015
962	4016	4007	3990
963	4018	4026	4020	3995	3985	4021	4019	4017	4000	3986	3993	3988	4014	4023	4031	4013	4011	3991	3989	4004	4027	3998	4009	4003	3997	3994	3981	3982	4002
964	4022
965	4024
966	4025
967	4028
968	4029
969	4030
970	4032
971	4033
972	4034
973	4035
974	4036
975	4037
976	4038
