1	189
9	31350
45	31350
54	29226
54	29225
74	5340
74	9136
74	1875
76	8220
76	8205
76	6529
78	113
80	11261
82	2140
82	5933
82	4938
82	1089
82	3003
82	2923
82	5685
82	10214
82	10213
82	882
82	100
82	13328
82	7112
83	1265
119	4588
119	4587
119	4581
88	3682
88	28478
88	28477
88	8220
88	1706
88	8203
88	8202
88	2534
88	2533
88	2532
88	1414
89	33435
89	33438
89	33437
93	3682
93	28478
93	28477
106	8237
106	4863
106	1414
106	23619
111	3868
113	274
114	31592
114	2659
114	5944
114	5939
114	5942
114	657
114	2552
114	5950
114	23131
114	21203
114	31605
114	31601
114	31604
114	31603
114	31588
114	31594
114	1390
114	3392
116	8079
116	10925
116	5138
116	7457
118	5861
127	16620
127	4076
127	15509
127	1879
127	16544
127	12301
131	23619
133	4198
134	8092
134	8091
134	7954
134	8550
134	7955
134	3057
134	3045
134	9044
134	18760
134	6297
134	405
136	5724
136	5821
136	7954
136	8550
136	7955
136	3057
136	3045
136	9861
136	8635
136	11326
136	11325
136	7386
136	9302
136	9301
136	9152
136	18760
136	23619
136	15039
140	5845
140	5844
140	14045
140	14044
140	14043
140	5066
140	26201
140	25937
140	32445
140	32443
140	14094
140	23887
140	23886
140	1595
140	4297
140	8449
140	16865
140	16864
140	13186
140	12394
140	7134
140	7133
140	7132
140	747
140	16374
140	16373
140	16372
140	2700
151	1765
153	19941
19941	153
19941	19941
19941	19935
19941	19954
155	13053
155	1265
188	5724
188	5821
195	22334
195	22333
195	4699
195	21293
195	5436
195	13120
195	12024
195	9144
195	20981
195	626
195	2011
195	1609
200	9520
200	10117
241	5845
241	5844
241	14045
241	14044
241	14043
250	7196
255	5845
255	5844
264	14563
264	9778
264	3013
269	19601
15830	19601
4592	19601
273	14563
273	9778
273	3013
273	8687
273	3074
273	23892
273	11613
273	10935
273	7227
273	17823
273	17715
273	18933
273	18932
273	17727
273	17726
273	17695
273	8220
273	1706
273	4117
273	10229
273	8280
273	13627
273	8667
273	439
273	17710
273	8726
273	2348
273	1407
273	396
273	8490
273	8489
273	6207
273	17207
274	439
274	4385
274	17102
274	17101
274	4338
274	17662
274	17530
274	6495
274	10229
286	2837
286	8220
286	1706
286	9458
286	24528
286	6827
286	6556
286	6833
286	11950
286	8203
286	8202
286	2534
286	2533
286	2532
286	20212
286	15311
286	33521
286	28561
286	28560
286	19381
286	22108
286	22076
292	5845
292	5844
292	21837
292	5788
292	569
292	202
292	29863
292	26157
301	31155
301	25513
301	23571
301	7000
301	14329
301	32027
301	32005
301	22882
301	15268
307	10985
308	9324
308	4530
308	33693
308	33692
308	24574
308	24573
308	24572
308	31453
308	31452
308	15195
314	12864
314	7819
314	9243
336	1646
343	27828
343	4804
4589	343
4589	4589
4589	27828
4589	27827
4589	4584
4589	4586
4589	4585
4589	4804
4589	4583
4589	1902
27828	343
27828	4589
27828	27828
27828	27827
27828	4584
27828	4586
27828	4585
27828	4804
27828	4583
27828	1902
27827	343
27827	4589
27827	27827
27827	4584
27827	4586
27827	4585
27827	4804
27827	4583
27827	1902
4584	4584
4584	4804
4584	4583
4584	1902
4586	27828
4586	27827
4586	4584
4586	4585
4586	4804
4586	4583
4586	1902
4585	4589
4585	4584
4585	4804
4585	4583
4585	1902
4804	343
4804	4589
4804	27828
4804	27827
4804	4584
4804	4586
4804	4585
4804	4804
4804	4583
4804	1902
4583	4804
4583	1902
1902	27828
1902	27827
370	2949
370	1181
370	7483
370	7250
370	20878
370	20877
370	22376
370	7950
370	1483
370	4491
370	28725
370	2919
370	448
370	405
370	601
370	18180
370	8700
391	1643
416	10895
416	10894
416	3084
416	725
416	767
416	9152
416	8355
416	4036
416	8525
416	1678
416	14035
416	14034
423	9845
423	19058
444	12938
1030	12938
641	6283
640	6283
444	13981
1030	13981
444	13980
1030	13980
444	6453
1030	6453
1030	639
1030	10833
640	10808
1030	10808
444	17046
1030	17046
444	17045
1030	17045
444	17035
1030	17035
448	6199
6297	6199
405	6199
448	7427
1087	7427
405	7427
449	23620
23619	6539
458	9019
458	6147
458	3969
458	8737
458	6777
458	805
458	29719
458	29561
458	29560
458	13046
458	29717
458	29716
458	15631
458	29641
458	29640
458	4141
458	16904
458	8178
458	10970
458	10958
458	4575
458	4574
458	4571
458	900
458	29662
458	17074
458	10123
458	29768
458	29674
458	29673
458	15767
458	29742
458	15766
458	7256
458	16744
458	11904
458	9920
458	4394
458	29420
458	29419
458	13037
458	29617
458	29616
458	29615
458	13047
458	8849
458	1850
458	29431
458	29430
458	29429
458	1855
458	21512
458	12267
458	3037
458	15624
458	29554
458	22595
458	202
458	374
458	11633
470	5861
471	7196
471	7195
496	496
496	27439
496	27438
496	19078
496	1238
27439	496
27439	27439
27439	27438
27439	19078
27439	1238
27438	496
27438	19078
27438	1238
19078	496
19078	1238
1238	496
1238	1238
496	27440
498	15068
499	9152
499	1646
504	1595
27090	12978
14217	12978
13726	12978
5504	12978
6238	12978
516	5839
516	4343
516	4699
516	4698
526	2040
530	5889
530	11314
530	11313
530	18944
530	3840
530	12936
530	5134
530	7600
530	5905
533	1166
533	913
533	1295
11855	11812
1639	11812
4267	11812
543	32726
543	32677
543	32669
543	24671
543	23258
543	22418
549	3094
554	15347
554	5788
566	22942
566	15743
566	30059
566	29763
566	29762
566	29495
566	29760
566	29759
566	30264
566	31442
570	570
570	569
570	4057
570	202
570	374
570	512
569	569
569	4057
569	202
569	374
569	512
4057	570
4057	569
4057	4057
4057	202
4057	374
4057	512
202	570
202	569
202	202
202	374
202	512
374	570
374	202
374	374
512	202
512	374
512	512
575	7736
581	9375
581	3070
581	9557
581	7466
581	8992
585	1502
585	3074
586	10977
1107	10977
586	586
586	10976
586	10974
586	10973
586	10975
1107	586
1107	1107
1107	10976
1107	10974
1107	10973
10976	586
10976	1107
10976	10976
10976	10974
10976	10973
10976	10975
10974	586
10974	1107
10974	10973
10973	586
10973	1107
10975	586
10975	1107
10975	10974
588	12078
596	14406
596	3894
798	7114
1609	7114
647	15753
647	20269
647	23298
652	10895
652	10894
652	2583
652	26765
654	3934
686	757
702	702
702	701
12168	17636
396	17636
8490	17636
8489	17636
734	32823
734	757
734	32861
792	22197
792	15851
792	15848
796	15115
796	17858
802	757
815	3074
826	826
826	825
825	825
851	2639
851	1711
851	1079
851	3232
851	25202
851	9557
876	33584
893	19058
893	1054
918	24827
2269	24827
924	20878
924	20877
950	29355
1028	10280
1028	8687
1028	1502
1028	29391
1028	29390
1028	29404
1028	17116
1028	2724
1028	20878
1028	20877
1028	17798
1028	6303
1028	24520
1028	24519
1028	8056
1028	8055
1028	7700
1028	6195
1028	6301
1028	29384
1028	10229
1028	7130
1028	7091
1028	17488
1028	6207
1028	17614
1028	17207
1028	17541
1028	8339
1036	16321
1036	6051
1038	1038
1038	9144
1038	20981
1038	20980
1038	4127
1038	3241
1038	658
9144	1038
9144	9144
9144	4127
9144	3241
9144	658
20981	1038
20981	9144
20981	20981
20981	20980
20981	4127
20981	3241
20981	658
20980	1038
20980	9144
20980	20980
20980	4127
20980	3241
20980	658
4127	1038
4127	3241
4127	658
3241	1038
3241	9144
3241	20981
3241	20980
3241	4127
3241	3241
3241	658
658	3241
658	658
1038	20982
3241	20982
1041	8531
7130	17155
7091	17155
1049	23447
1060	7281
1060	4074
1079	10448
1079	1079
1079	10447
1079	8497
1079	1637
1079	573
10447	1079
10447	10447
10447	8497
10447	1637
10447	573
8497	1079
8497	8497
8497	1637
8497	573
1637	1079
573	1079
4941	10784
1122	6732
1122	14270
1122	14154
1122	32337
1122	32336
1122	4703
1122	2741
1122	2396
1139	2767
1139	1420
1139	31155
1139	25513
1139	23571
1139	7000
1139	1792
1139	1791
1139	3894
1139	32369
1139	32368
1139	13424
1139	28193
1139	32324
1139	11645
1139	20207
1139	20206
1139	32380
1139	32337
1139	32336
503	1286
2115	9366
1183	1183
1183	26043
1183	14370
1183	3492
1183	1085
1183	14369
1183	6326
26043	1183
26043	26043
26043	14370
26043	3492
26043	1085
26043	14369
26043	6326
14370	1183
14370	14370
14370	3492
14370	1085
14370	14369
14370	6326
3492	1183
3492	1085
3492	14369
1085	1183
1085	1085
1085	14369
14369	1183
14369	26043
14369	3492
14369	1085
14369	14369
14369	6326
6326	1183
6326	1085
6326	14369
6326	6326
1183	26044
14369	26044
1185	1548
1236	1236
1236	14849
1236	14889
1236	14888
1236	322
14849	1236
14849	14849
14849	14889
14849	14888
14849	14887
14849	13196
14849	322
14889	1236
14889	14849
14889	14888
14889	14887
14889	13196
14889	322
14888	1236
14888	14849
14888	14887
14888	13196
14888	322
14887	1236
14887	14849
14887	13196
14887	322
13196	1236
13196	14889
13196	14888
13196	322
322	14849
322	14888
14849	14890
1265	1265
1265	955
1265	954
1265	953
1265	952
955	1265
955	955
955	954
955	953
955	952
954	1265
954	953
954	952
953	1265
953	952
952	1265
1327	1327
1327	3580
3581	1327
3581	3581
3581	3580
3580	1327
1330	29863
584	9318
1331	3755
1331	3320
584	16406
584	7681
1365	32177
32177	1365
32177	32177
32177	32176
32177	32175
32177	5055
32176	1365
32176	32176
32176	32175
32176	5055
32175	32175
32175	5055
1365	32178
1407	11723
1422	6892
1422	23409
1478	13120
4871	20970
3521	20970
3387	20970
1646	1563
1532	1531
1532	778
1532	1646
1533	1532
1533	1533
1533	1531
1533	778
1533	1646
1531	1531
1531	778
1531	1646
778	1646
1646	1532
1646	1533
1646	1531
1646	778
1646	1646
1548	8420
3968	8420
1548	1548
1548	3968
1548	2582
1548	2583
1548	2578
3968	1548
3968	3968
3968	2582
3968	2583
3968	2578
2582	1548
2582	2582
2582	2578
2583	1548
2583	2582
2583	2583
2583	2578
2578	1548
1548	8416
1548	3128
3968	3128
1569	21917
1569	11990
1588	25131
1588	25130
1588	25133
1588	25128
1588	25135
1588	25129
1588	3495
1503	6612
1693	1503
6529	1693
6529	6529
6529	1503
1503	1693
1503	1503
1693	12903
1697	5839
1697	4343
1707	20063
1740	1740
1740	1739
1740	1591
1739	1591
1742	5350
4549	5350
1742	1742
1742	5349
1742	5348
1742	4609
1742	4549
1742	500
1742	3033
5349	1742
5349	5349
5349	5348
5349	4609
5349	4549
5349	500
5349	3033
5348	1742
5348	4609
5348	4549
5348	500
5348	3033
4609	1742
4609	4609
4609	4549
4609	500
4609	3033
4549	1742
4549	5349
4549	5348
4549	4549
4549	500
4549	3033
500	1742
500	4549
3033	1742
3033	4549
3033	500
3033	3033
10229	2748
1765	10230
1772	12275
1773	1773
1773	1731
1778	2835
1817	32408
1817	19598
1817	32427
1817	32402
1817	32425
1817	32424
1817	32422
1817	32421
1817	32433
1819	15624
1819	29554
1819	12580
1819	12502
1819	12124
1819	12573
1819	12411
1819	2740
1819	1855
1819	1846
1819	1831
1821	19021
1821	19010
1821	19009
1821	10925
1821	10924
1885	31377
2142	18178
22416	18178
2142	2142
2142	18177
2142	10490
22416	2142
22416	22416
22416	18177
22416	10490
22416	6095
18177	2142
18177	22416
18177	18177
18177	10490
18177	6095
10490	2142
10490	22416
10490	10490
10490	6095
6095	2142
6095	6095
18177	22417
10490	22417
2174	19208
2193	2193
2193	2192
2193	2191
2192	2191
3004	13973
2224	2223
2244	2244
2244	2167
31592	2303
31591	2303
2290	31592
2290	31591
2289	31592
2289	31591
31592	2290
31592	2289
31592	31592
31592	31591
31592	2288
31591	2290
31591	2289
31591	31591
31591	2288
2290	31593
2289	31593
31592	31590
31591	31590
2543	2543
2543	763
763	763
2628	26762
2657	16088
16087	3071
2664	21171
2664	10242
21171	2664
21171	21171
21171	21170
21171	21138
21171	10242
21171	2735
21170	2664
21170	21170
21170	21138
21170	10242
21170	2735
21138	10242
21138	2735
10242	2664
10242	21171
10242	21170
10242	10242
10242	2735
2664	21172
10242	21172
2694	14046
3162	14046
2389	14046
180	14046
13639	9488
14518	9488
2711	9488
2713	3495
2716	32669
2716	24671
2716	3495
2751	6466
14149	8562
14148	8562
2767	14150
1420	14150
875	9962
2891	2891
2891	2851
2905	2905
2905	2904
2945	23264
2945	32055
7483	6473
7250	6473
6492	6473
3017	24269
3094	3094
3094	3093
3094	3092
3093	3092
3159	11867
3159	22168
3235	32889
3235	24407
3124	3871
3276	3276
3276	3247
3276	3124
3247	3124
3124	3124
3352	13174
3352	7760
3352	5294
3352	22751
3352	11645
3500	3500
3500	3499
3500	3498
3499	3498
3596	11642
12882	11642
4082	11642
3596	3596
3596	2720
3596	12882
3596	11641
3596	9009
3596	4561
3596	1408
3596	4078
3596	205
2720	3596
2720	2720
2720	12882
2720	4082
2720	1408
2720	205
12882	3596
12882	2720
12882	12882
12882	11641
12882	9009
12882	4561
12882	4082
12882	1408
12882	4078
12882	205
11641	3596
11641	2720
11641	12882
11641	11641
11641	9009
11641	4561
11641	4082
11641	1408
11641	4078
11641	205
9009	3596
9009	2720
9009	12882
9009	9009
9009	4561
9009	4082
9009	1408
9009	4078
9009	205
4561	3596
4561	2720
4561	4561
4561	4082
4561	1408
4561	4078
4561	205
4082	3596
4082	2720
4082	11641
4082	9009
4082	4082
4082	1408
4082	4078
4082	205
1408	3596
1408	2720
1408	11641
1408	9009
4078	3596
4078	2720
4078	12882
4078	1408
4078	4078
4078	205
205	3596
205	12882
205	4082
205	1408
3701	3701
3701	3700
3701	3699
3700	3699
3738	3738
3738	3737
3738	3736
3738	3735
3738	3734
3737	3736
3737	3735
3737	3734
3736	3735
3736	3734
3745	3745
3745	3744
3766	3766
3766	3510
3766	3284
3766	612
3766	1595
3766	568
3510	3510
3510	3284
3510	612
3510	1595
3510	568
3284	3284
3284	612
3284	1595
3284	568
612	612
612	1595
612	568
1595	3766
1595	3510
1595	3284
1595	612
1595	1595
1595	568
568	3766
568	3510
568	1595
1595	10836
568	10836
3937	3936
3975	3975
3975	3838
4023	15859
8518	15859
8517	15859
4061	19214
4095	28486
4122	15653
12101	15653
28725	6486
4235	13121
7186	13121
4254	24251
4303	4303
4303	15939
4303	14801
4303	14800
4303	1566
15939	4303
15939	15939
15939	14801
15939	14800
15939	1566
14801	4303
14801	14800
14801	1566
14800	4303
1566	4303
4306	4306
4306	8455
4306	4110
4306	1223
4306	2597
8455	4306
8455	8455
8455	4110
8455	1223
8455	2597
4110	8455
4110	4110
4110	1223
4110	2597
1223	8455
2597	8455
2597	1223
2597	2597
4323	4323
4323	4322
4328	4328
4328	4200
4200	4200
4338	17505
4199	17505
4199	16476
4338	17134
4199	17134
4340	4340
4340	4339
4340	525
4339	525
4403	21273
23264	21273
4416	33520
3495	4860
4578	4578
4578	4577
4578	4510
4577	4510
4510	4510
18657	18660
18656	18660
4591	18659
4479	18659
4591	18658
4479	18658
4591	4591
4591	4479
4591	18657
4591	18656
4591	4476
4479	4479
4479	18657
4479	18656
4479	4476
18657	4591
18657	4479
18657	18657
18657	18656
18657	4476
18656	4591
18656	4479
18656	4476
4613	25250
4613	14826
4653	4653
4653	4651
4653	4652
4653	4650
4653	4638
4651	4650
4651	4638
4652	4651
4652	4638
4650	4638
7196	4700
7195	4700
4699	4699
4699	4698
4699	7196
4699	7195
4699	4666
4698	4698
4698	7196
4698	7195
4698	4666
7196	4699
7196	4698
7196	7196
7196	7195
7196	4666
7195	4699
7195	4698
7195	7195
7195	4666
4666	4666
4699	7197
4698	7197
4735	6632
4735	6649
4735	5207
2040	4740
4739	4739
4739	4738
4739	4737
4739	1245
4739	2040
4738	4738
4738	4737
4738	1245
4738	2040
4737	1245
4737	2040
1245	2040
2040	4739
2040	4738
2040	4737
2040	1245
2040	2040
4755	4755
4755	3070
22359	4755
22359	3070
3070	4755
3070	3070
4755	24308
4829	24445
24442	24445
4112	24445
4829	4829
4829	24442
4829	24443
4829	24441
4829	800
4829	4112
24442	4829
24442	24442
24442	24443
24442	24441
24442	24440
24442	800
24442	4112
24443	4829
24443	24442
24443	24441
24443	24440
24443	800
24443	4112
24441	4829
24441	800
24441	4112
24440	4829
24440	4112
800	800
800	4112
4112	4829
4112	24442
4112	24443
4112	24441
4112	24440
4112	800
4112	4112
4829	27056
800	27056
4112	27056
1917	4920
1917	4912
4910	4909
4910	1917
1917	4909
1917	1917
4922	4914
4927	4922
4927	4927
4927	4914
4914	4922
4914	4914
5016	12703
5016	29715
5016	6466
5016	7714
5016	29667
5016	29665
5016	11603
5024	9082
5024	31586
5024	31585
5024	31584
5024	31438
5024	31428
5024	31427
5024	31440
5024	15261
5024	15743
5024	15742
5024	15307
5024	15291
5024	29495
5024	31442
5039	27162
5039	2881
5050	30385
9082	30385
1643	5067
5072	5072
5072	5071
5081	5081
5081	5080
5085	5085
5085	5084
5084	5084
5100	5100
5100	5099
5138	5138
5138	7457
5138	6946
5138	8630
5138	6940
5138	1574
5138	1838
7457	5138
7457	7457
7457	6946
7457	6940
7457	1574
7457	1838
6946	5138
6946	7457
6946	6946
6946	6940
6946	1574
6946	1838
8630	5138
8630	7457
8630	6946
8630	8630
8630	6940
8630	1574
8630	1838
6940	5138
6940	6946
6940	6940
6940	1574
6940	1838
1574	5138
1574	6946
1574	1574
1838	5138
1838	1574
5138	22452
6946	22452
5223	25821
5223	25820
23755	5393
5390	23755
23755	5390
23755	5391
5391	5390
5390	29262
5390	29263
5414	23491
5508	24590
24587	24590
5577	5577
5577	5576
5576	5576
2839	5694
5693	5693
5693	5692
5693	5690
5693	2001
5693	219
5693	2839
5693	143
5692	5690
5692	2001
5692	219
5692	2839
5692	143
5690	2001
5690	219
5690	2839
5690	143
2001	2839
2001	143
219	5693
219	5692
219	5690
219	2839
2839	5693
2839	5692
2839	5690
2839	2001
2839	219
2839	2839
2839	143
143	2839
475	5906
5799	5799
5799	5798
5839	10502
4343	10502
398	5846
6108	6108
6108	6107
6145	6145
6145	6144
6173	6173
6173	6172
6173	6171
6172	6171
6184	13530
6311	26984
1234	6312
6311	6311
6311	5988
6311	1234
5988	1234
1234	6311
601	6335
18180	6335
8700	6335
1414	6594
6625	6625
6625	6536
14182	14282
14167	14282
5338	14282
32337	14282
32336	14282
14211	14282
1629	14282
6737	32028
6709	32028
10219	32028
6737	6737
6737	32027
6737	6710
6737	6671
6737	6709
6737	10219
32027	6737
32027	32027
32027	6738
32027	6710
32027	6671
32027	6709
32027	10219
6738	6737
6738	6710
6738	6671
6738	6709
6738	10219
6710	6709
6710	10219
6671	6737
6671	6709
6671	10219
6709	32027
6709	6671
6709	10219
10219	6737
10219	32027
10219	6738
10219	6710
10219	6671
10219	6709
6892	21250
6892	6892
6892	10428
6892	21249
6892	10316
10428	6892
10428	10428
10428	21249
10428	10316
10428	6916
21249	6892
21249	10428
21249	21249
21249	10316
21249	6916
10316	6892
10316	10316
10316	6916
6916	6892
6916	6916
6911	6911
6911	6893
6997	21863
6902	21863
6997	6997
6997	21862
6997	21861
6997	21860
6997	4688
6997	6902
21862	6997
21862	21862
21862	21861
21862	21860
21862	4688
21862	6902
21861	6997
21861	21860
21861	4688
21861	6902
21860	6997
21860	4688
21860	6902
4688	4688
4688	6902
6902	21862
6902	21861
6902	21860
6902	4688
6902	6902
7030	7030
7030	7029
7030	7028
7030	7027
7030	7026
7029	7028
7029	7027
7029	7026
7028	7027
7028	7026
7045	29063
28332	7045
28332	28332
28332	29063
28332	29062
28332	23853
29063	7045
29063	28332
29063	29063
29063	29062
29063	23853
29062	7045
29062	28332
29062	29062
29062	23853
7045	29064
28332	29064
29063	28333
29062	28333
1406	14277
20207	14277
20206	14277
14363	14277
7241	11051
7281	7326
4074	7326
7281	7281
7281	7205
7281	4364
7281	4074
7281	2951
7205	7205
7205	4364
7205	4074
7205	2951
4364	4364
4364	4074
4364	2951
4074	4074
4074	2951
7324	7324
7324	7323
2741	7331
2396	7331
7330	7330
7330	7329
7330	7328
7330	4703
7330	2741
7330	2396
7330	2076
7329	7328
7329	4703
7329	2741
7329	2396
7329	2076
7328	4703
7328	2741
7328	2396
7328	2076
4703	4703
4703	2741
4703	2396
4703	2076
2741	7330
2741	7329
2741	7328
2741	2741
2741	2396
2741	2076
2396	7330
2396	7329
2396	7328
2396	2741
2396	2396
2396	2076
2076	4703
2076	2741
2076	2396
7522	7549
18117	18123
6532	18123
7546	18118
7545	18118
18117	7547
6532	7547
7546	7546
7546	18117
7546	6532
7546	7544
7546	7545
18117	7546
18117	18117
18117	6532
18117	7544
18117	7545
6532	7546
6532	7545
7544	6532
7545	18117
7545	6532
7594	33668
18735	33668
7614	7614
7614	7506
7669	5788
7669	7659
7670	7669
7670	7670
7670	5788
7670	7659
7670	704
5788	7669
5788	7670
5788	5788
5788	7659
5788	704
7659	5788
7659	7659
7659	704
704	5788
7659	7707
21837	21801
7842	21801
7674	7843
7674	21837
7674	7842
7674	7841
7843	7674
7843	7843
7843	21837
7843	7842
7843	7841
7843	7675
21837	7674
21837	7843
21837	21837
21837	7842
21837	7841
21837	7675
7842	7674
7842	7841
7842	7675
7841	7674
7675	7674
7675	21837
7675	7842
7736	7736
7736	3597
7736	699
3597	3597
3597	699
699	7736
699	12612
7838	7838
7838	7837
7893	7893
7893	7892
7892	7892
7918	7918
7918	7909
7918	3724
7909	7909
7909	3724
3724	3724
8079	10926
2766	10926
8079	8079
8079	2766
8079	10925
8079	10924
8079	1886
2766	8079
2766	10925
2766	1886
10925	8079
10925	2766
10925	10925
10925	10924
10925	1886
10924	8079
10924	2766
10924	10924
10924	1886
8112	8112
8112	8111
8118	8118
8118	8117
8143	8143
8143	1347
1347	1347
4530	8164
8185	8185
8185	8184
8184	8184
8194	8194
8194	8193
8200	8200
8200	8213
8214	8200
8214	8214
8214	8213
8213	8200
8213	8213
1706	8221
591	8221
4863	8244
293	8244
293	8239
8237	8237
8237	4863
8237	4861
8237	165
8237	293
4863	4863
4863	4861
4863	165
4863	293
4861	293
293	8237
293	4863
293	4861
8247	8247
8247	5526
8247	302
5526	5526
5526	302
1875	8267
10227	8336
10227	10227
10227	10222
10222	10222
10227	10226
8436	8436
8436	8435
8502	23231
8523	8523
8523	8427
8904	8904
8904	11451
11785	8904
11785	11785
11785	11451
11451	8904
11451	11451
8904	11786
1207	10384
6163	10574
9117	17195
5861	22446
9152	9152
9152	5861
9152	744
5861	5861
5861	744
744	11337
9167	9167
9167	9166
9191	9191
9191	12324
9191	7823
9191	7706
9191	4852
9191	8357
9191	582
12324	9191
12324	12324
12324	7823
12324	7706
12324	4852
12324	8357
12324	582
7823	9191
7823	7823
7823	7706
7823	4852
7823	8357
7823	582
7706	7706
7706	4852
7706	8357
7706	582
4852	9191
4852	4852
4852	8357
4852	582
8357	9191
8357	12324
8357	7823
8357	7706
8357	4852
8357	8357
8357	582
582	9191
582	8357
9191	12325
8357	12325
9240	9240
9240	22339
9240	7294
9240	1129
9240	2591
22339	9240
22339	22339
22339	13164
22339	13163
22339	7294
22339	1129
22339	2591
13164	9240
13164	22339
13164	13164
13164	13163
13164	7294
13164	1129
13164	2591
13163	9240
13163	22339
13163	7294
13163	1129
13163	2591
7294	7294
7294	1129
7294	2591
1129	22339
2591	9240
2591	22339
2591	13164
2591	13163
22339	13165
2591	13165
9287	23549
22413	23549
21360	23549
5457	23549
1871	13359
9324	9324
9324	8147
9324	1871
8147	8147
8147	1871
1871	8147
1871	1871
8147	14752
9379	9379
9379	9378
9420	9420
9420	9419
6132	10336
9588	9588
9588	9551
9763	9763
9763	9762
9954	9954
9954	6805
6805	6805
9981	9981
9981	9926
9926	9926
5007	32768
10037	10037
10037	10036
10060	10060
10060	10030
10121	10121
10121	10120
10121	10119
10120	10119
10147	32595
10147	10147
10147	10092
10147	10091
10147	10090
10092	10147
10092	10092
10092	10091
10092	10090
10091	10147
10091	10090
10225	10759
10223	10756
3074	17208
10280	10280
10280	8687
10280	1502
10280	4070
10280	3074
10280	1240
10280	1146
8687	8687
8687	1502
8687	4070
8687	3074
8687	1240
8687	1146
1502	1502
1502	4070
1502	3074
1502	1240
1502	1146
4070	1502
4070	4070
4070	3074
4070	1240
4070	1146
3074	10280
3074	8687
3074	1502
3074	4070
3074	3074
3074	1240
3074	1146
1240	4070
1240	3074
1146	4070
1146	3074
10285	10285
10285	10284
306	22004
10386	25250
10386	6516
10399	25204
10364	25204
10432	10432
10432	10431
10431	10431
10475	10475
10475	25181
10475	25180
10475	25179
10475	6508
25181	10475
25181	25181
25181	25180
25181	25179
25181	6508
25180	10475
25180	25179
25180	6508
25179	10475
25179	6508
10475	25182
10544	10544
10544	10543
10576	10576
10576	10575
10576	10561
10575	10561
10614	10614
10614	10613
10709	10708
16793	19357
10795	10795
10795	10794
10797	10797
10797	10796
10873	10873
10873	10853
10873	10852
10853	10852
1835	17785
1535	13606
10981	10981
10981	6859
10981	1535
6859	6859
6859	1535
1535	6859
1535	1535
10988	10988
10988	10987
10987	10987
11084	11084
11084	11083
11083	11083
11203	11203
11203	11202
11209	11208
11209	11206
11209	11171
11208	11206
11208	11171
11206	11293
11218	26831
4170	26831
32889	26831
32888	26831
11218	11218
11218	4170
11218	32889
11218	32888
11218	24407
11218	24298
11218	11217
11218	11191
4170	4170
4170	32889
4170	32888
4170	24407
4170	24298
4170	11229
32889	11218
32889	4170
32889	32889
32889	32888
32889	24407
32889	24298
32889	11229
32889	11217
32889	11191
32888	11218
32888	4170
32888	32888
32888	24407
32888	24298
32888	11229
32888	11217
32888	11191
24407	11218
24407	4170
24407	32889
24407	32888
24407	24407
24407	24298
24407	11229
24407	11217
24407	11191
24298	11218
24298	4170
24298	32889
24298	32888
24298	24298
24298	11229
24298	11217
24298	11191
11229	11218
11229	4170
11229	32889
11229	32888
11229	11217
11229	11191
11217	4170
11217	32889
11217	32888
11191	4170
11236	11236
11236	11235
11235	11235
11243	11243
11243	11242
11243	11241
11242	11241
19940	11285
11261	19949
11299	11299
11299	11298
11574	11574
11574	13234
11574	13233
11574	8833
13234	11574
13234	13234
13234	13233
13234	8833
13233	11574
13233	8833
11574	13235
11647	11647
11647	6987
11647	5448
11647	11645
11647	2955
11647	4438
11647	2688
6987	6987
6987	5448
6987	11645
6987	2955
6987	4438
6987	2688
5448	11645
5448	2955
5448	4438
5448	2688
11645	11647
11645	6987
11645	5448
11645	11645
11645	2955
11645	4438
11645	2688
2955	6987
2955	5448
4438	5448
4438	11645
4438	2955
2688	11645
2688	2955
11672	11672
11672	11671
11727	11727
11727	11726
11727	11725
11727	11724
11727	8776
11726	11725
11726	11724
11726	8776
11725	11724
11725	8776
11873	11873
11873	11872
11882	11882
11882	11881
11965	11965
11965	11964
12078	12078
12078	21512
12078	12267
12078	7678
12078	10658
12078	3037
12078	521
12078	3056
21512	12078
21512	21512
21512	12842
21512	12267
21512	7678
21512	10658
21512	3037
21512	521
21512	3056
12842	12078
12842	12842
12842	12267
12842	7678
12842	10658
12842	3037
12842	521
12842	3056
12267	12078
12267	21512
12267	12842
12267	12267
12267	7678
12267	10658
12267	3037
12267	521
12267	3056
7678	12078
7678	21512
7678	12842
7678	7678
7678	3037
7678	521
7678	3056
10658	12078
10658	7678
10658	10658
10658	3037
10658	521
10658	3056
3037	12078
3037	12267
3037	7678
3037	3037
3037	521
3037	3056
521	12078
521	12267
3056	12078
3056	21512
3056	12842
3056	3037
12078	21513
12364	12364
12364	12363
12364	12362
12363	12363
12363	12362
12516	12516
12516	29662
12516	17074
12516	12432
29662	12516
29662	29662
29662	17074
29662	12432
29662	12517
17074	12516
17074	17074
17074	12432
17074	12517
12517	12516
12517	29662
12517	17074
12517	12432
12517	12517
12516	29663
12517	29663
12525	12524
12558	12558
12558	1868
12558	1867
1868	1867
12758	12758
12758	12757
12758	12756
12758	12755
12758	12754
12757	12757
12757	12756
12757	12755
12757	12754
12756	12755
12756	12754
6494	22596
5474	13025
5473	13025
13014	13014
13014	5475
13014	5471
13014	5474
13014	5473
5475	5475
5475	5471
5475	5474
5475	5473
5474	5473
13040	13040
13040	13039
8790	13054
13053	13053
13053	13052
13053	8816
13053	8759
13053	8790
13052	13052
13052	8816
13052	8759
13052	8790
8816	8759
8816	8790
8759	8790
8790	13053
8790	13052
8790	8759
8790	8790
13229	13227
13228	13227
13226	13226
13226	13229
13226	13228
13226	8861
13226	8840
13229	13226
13229	13229
13229	13228
13229	8861
13229	8840
13228	13226
13228	8861
13228	8840
8840	13229
8840	13228
13226	13230
8840	13230
13297	13297
13297	13271
13318	13318
13318	13317
13404	13404
13404	13403
13420	13420
13420	13419
13420	6623
13419	6623
13431	13431
13431	13430
13445	13445
13445	13432
13495	13495
13495	13468
13468	13468
13513	13513
13513	13418
13418	13418
13572	13572
13572	13563
13563	13563
13591	23960
13597	23960
13604	13604
13604	5610
5610	5610
13843	13843
13843	13842
13843	8830
13842	8830
14017	14017
14017	14012
14028	14028
14028	14027
14027	14027
14067	28535
14134	14134
14134	14059
14134	14057
14059	14057
14146	14145
14173	14173
14173	14102
14173	7055
14102	14102
14102	7055
7055	14102
7055	7055
7055	14326
14176	14176
14176	14416
14176	14394
14176	14223
14176	14080
14416	14176
14416	14416
14416	14394
14416	14223
14416	14080
14394	14176
14394	14394
14394	14223
14394	14080
14223	14176
14223	14080
14080	14176
14080	14080
14176	14417
14195	32370
14349	32370
14231	14231
14231	14230
14276	14276
14276	14275
14276	14125
14275	14275
14275	14125
14125	14125
14275	14303
14301	14301
14301	14300
14335	14354
14335	14353
14335	14352
14335	14205
14354	14335
14354	14354
14354	14353
14354	14352
14354	14205
14353	14335
14353	14352
14353	14205
14352	14335
14352	14205
14335	14355
14345	14345
14345	14344
14359	32350
14359	14359
14359	32349
14359	32348
14359	14050
32349	14359
32349	32349
32349	32348
32349	14050
32348	14359
32348	14050
14383	14383
14383	14313
10579	14386
14398	14398
14398	10787
10787	10787
14447	14447
14447	14446
14447	25206
14447	25205
14447	13208
14447	6384
14447	1104
14446	14446
14446	25206
14446	25205
14446	13208
14446	6384
14446	1104
25206	14447
25206	14446
25206	25206
25206	25205
25206	13208
25206	6384
25206	1104
25205	14447
25205	14446
25205	13208
25205	6384
25205	1104
13208	14447
13208	14446
13208	13208
13208	6384
13208	1104
6384	14447
6384	14446
1104	14447
1104	14446
14447	25207
14446	25207
14457	14457
14457	14456
14457	14367
14457	14265
14457	11782
14456	14367
14456	14265
14456	11782
14367	14265
14367	11782
14406	14499
3894	14499
14498	14498
14498	14497
14498	5712
14498	14406
14498	3894
14498	4221
14497	14497
14497	5712
14497	14406
14497	3894
14497	4221
5712	5712
5712	14406
5712	3894
5712	4221
14406	14498
14406	5712
14406	14406
14406	3894
14406	4221
3894	14498
3894	14497
3894	14406
3894	3894
3894	4221
4221	14406
4221	3894
4221	4221
14604	14604
14604	11948
11948	11948
159	14647
14646	14646
14646	14642
14646	159
14642	159
159	159
14652	14652
14652	24182
14652	11957
14652	7151
14652	2273
24182	14652
24182	24182
24182	11957
24182	7151
24182	2273
11957	14652
11957	11957
11957	7151
11957	2273
7151	14652
7151	7151
7151	2273
2273	14652
14652	24183
14682	14682
14682	9737
9737	9737
14753	9779
14753	9100
14753	6807
14753	3992
9779	9779
9779	9100
9779	6807
9779	3992
9100	6807
9100	3992
6807	6807
6807	3992
3992	3992
14786	14786
14786	14785
14786	2117
14785	2117
14857	14857
14857	14856
14856	14856
14878	14878
14878	14814
14883	14883
14883	14870
14908	14855
14908	14907
14908	14906
14908	14905
14855	14908
14855	14906
14855	14905
14907	14855
14907	14907
14907	14906
14907	14905
14906	14855
14905	14855
4606	32053
14942	14942
14942	14835
14835	14835
15003	15003
15003	15002
249	15040
465	15040
14921	15054
15053	15053
15053	15006
15053	14899
15053	14921
15006	15006
15006	14899
15006	14921
14899	14899
14921	15053
14921	14899
14921	14921
15074	15074
15074	9319
15074	1663
15074	9811
15074	9810
15074	15072
15074	4305
9319	9319
9319	1663
9319	9811
9319	9810
9319	4305
1663	9811
1663	9810
9811	15074
9811	9319
9811	1663
9811	9811
9811	9810
9811	15072
9811	4305
9810	15074
9810	9319
9810	1663
9810	9810
9810	15072
9810	4305
15072	9319
15072	9811
15072	9810
15072	4305
4305	1663
4305	9811
4305	9810
4305	4305
15118	15118
15118	15117
15118	9800
15117	9800
15272	15272
15272	15271
15272	15270
15272	15269
15271	15271
15271	15270
15271	15269
15270	15269
15293	15293
15293	15292
15307	15307
15307	29931
15307	29930
15307	29929
15307	15228
15307	30156
29931	15307
29931	29931
29931	29930
29931	29929
29931	15228
29931	15308
29931	30156
29930	15307
29930	29929
29930	15228
29930	15308
29930	30156
29929	15307
29929	15228
29929	15308
29929	30156
15228	15307
15308	15307
15308	15308
15308	30156
30156	15307
30156	29931
30156	29930
30156	29929
30156	15228
30156	15308
30156	30156
15307	30161
15308	30161
30156	30161
15321	15321
15321	15320
15321	15319
15320	15319
15347	15347
15347	15296
15347	6241
15296	6241
15437	15437
15437	15436
15455	15455
15455	15454
28253	25189
15463	15463
15463	28253
28253	15463
28253	28253
28253	18505
18505	15463
18505	18505
15463	28293
15704	15704
15704	15625
15625	15625
15711	15711
15711	12401
12401	12401
15739	15739
15739	12490
12490	12490
15743	15743
15743	15742
15743	15396
15743	15395
15743	15394
15743	15393
15742	15742
15742	15396
15742	15395
15742	15394
15742	15393
15396	15743
15396	15742
15396	15396
15396	15395
15396	15394
15396	15393
15395	15743
15395	15742
15395	15394
15395	15393
15394	15743
15394	15742
15394	15393
15753	24758
3261	24758
15753	15753
15753	24757
15753	24756
15753	5497
15753	393
15753	3261
24757	15753
24757	24757
24757	24756
24757	5497
24757	393
24757	3261
24756	15753
24756	5497
24756	393
24756	3261
5497	3261
393	15753
3261	15753
3261	24757
3261	24756
3261	5497
15820	15820
15820	15819
15820	15818
15819	15818
15862	15862
15862	15861
15862	9807
15861	9807
15906	15906
15906	15905
15906	15904
15905	15905
15905	15904
15946	22320
10348	22320
15951	15951
15951	15950
15960	15993
15996	15993
15978	15993
15987	15987
15987	15986
16004	16004
16004	16003
16025	16024
16025	3103
16024	3103
3103	16024
16099	16099
16099	16098
16150	16296
16189	16189
16189	16188
3631	16193
16203	16203
16203	16202
16202	16202
16277	16277
16277	16276
16276	16276
16185	16297
16170	16297
16304	16304
16304	1020
16304	13200
1020	1020
1020	13200
13200	1020
13200	13200
13200	24849
16468	16471
16466	16471
16468	16467
16468	16466
16468	16465
16468	16216
16467	16466
16467	16465
16467	16216
16466	16216
4198	16494
16493	16492
16493	16491
16493	2884
16493	4198
16492	16491
16492	2884
16492	4198
16491	2884
16491	4198
2884	2884
2884	4198
4198	16493
4198	16492
4198	16491
4198	2884
4198	4198
16544	16544
16544	6877
16544	7058
16544	4636
16544	12301
6877	6877
6877	4636
6877	12301
7058	6877
7058	4636
7058	12301
4636	4636
4636	12301
12301	16544
12301	6877
12301	7058
12301	4636
12301	12301
12301	28695
7058	19188
4636	19188
26209	16562
3289	16562
16686	26517
16686	26771
16690	16689
16690	16688
16690	16687
16690	16686
16689	16687
16689	16686
16688	16686
16737	19022
16748	19022
16747	19022
16746	19022
16806	16806
16806	16805
16806	16804
16806	4008
16805	16805
16805	16804
16805	4008
16804	4008
16895	32824
16937	32824
32823	32822
16933	32822
16895	32823
16937	16895
16937	16937
16937	32823
16937	16933
16937	16922
32823	16895
32823	16937
32823	32823
32823	16933
32823	16922
16933	16895
16933	16937
16933	16933
16933	16922
16993	16993
16993	16964
17028	17028
17028	17027
17069	17069
17069	17251
17069	15911
17069	15897
17069	4511
17251	17069
17251	17251
17251	15911
17251	15897
17251	4511
15911	17251
15911	15911
15911	15897
15911	4511
15897	4511
4511	17069
4511	15911
4511	4511
17103	18210
2724	18210
17130	17130
17130	8228
8228	8228
17149	8317
17149	7162
8317	7162
17160	17158
17160	8532
17160	6396
17160	2975
17158	2975
8532	6396
8532	2975
6396	2975
2975	2975
17174	17174
17174	2073
17174	2072
17174	673
17174	122
2073	17174
2073	2073
2073	2072
2073	673
2073	122
2072	17174
2072	2072
2072	673
2072	122
673	17174
122	17174
9196	17188
17187	21386
17256	17256
17256	17135
17135	17135
17273	17273
17273	17272
17353	17353
17353	14688
14688	14688
17243	17364
17363	17297
17363	17243
17297	17243
17375	17375
17375	17374
33105	33086
33104	33086
17391	33106
17271	33106
17391	17391
17391	17271
17391	33105
17391	33104
17271	33105
17271	33104
33105	17391
33105	17271
33105	33105
33105	33104
33105	33085
33104	17391
33104	17271
33104	33085
33085	17391
33085	17271
17397	17397
17397	17396
17446	17486
17448	17448
17448	17447
17448	17446
17447	17446
17460	17460
17460	17459
17495	17495
17495	17119
17119	17119
17727	17532
17726	17532
17695	17532
17544	17544
17544	17543
17579	22424
738	22424
17579	17579
17579	738
17579	22423
17579	737
738	17579
738	738
738	22423
738	22422
738	737
22423	17579
22423	738
22423	22423
22423	22422
22423	737
22422	17579
22422	738
22422	737
737	737
17591	17591
17591	17331
17591	4565
17331	4565
4565	4565
17637	17637
17637	17100
17100	17100
17648	17648
17648	10945
10945	10945
17662	17662
17662	17519
17662	17084
17519	17084
17084	17519
17084	17084
17084	17680
17699	17699
17699	17698
17702	17702
17702	10240
10240	10240
17753	17753
17753	17752
17753	4196
17752	17752
17752	4196
4196	4196
17783	17783
17783	17782
17794	17794
17794	17793
17794	17792
17793	17792
17823	17823
17823	17673
17823	17663
17673	17673
17673	17663
17889	17889
17889	17888
17889	15214
17888	17888
17888	15214
15214	15214
17950	17950
17950	17918
17950	17907
17918	17918
17918	17907
17991	31161
18023	18023
18023	18022
18022	18022
18197	18197
18197	17719
17719	17719
18220	18220
18220	18219
18219	18219
18283	18283
18283	18282
18283	18281
18282	18281
18286	18286
18286	18242
18308	18465
18307	18465
18326	18326
18326	6066
6066	6066
18334	18490
18245	18490
17116	18490
18334	18334
18334	18245
18334	18489
18334	18218
18334	17116
18334	11720
18245	18489
18245	18218
18245	17116
18245	11720
18489	18334
18489	18245
18489	18489
18489	18365
18489	18218
18489	17116
18489	11720
18365	18334
18365	18245
18365	18218
18365	17116
18365	11720
18218	18334
18218	18245
18218	17116
17116	18334
17116	18245
17116	18489
17116	18365
17116	18218
17116	17116
17116	11720
11720	17116
18338	18338
18338	17422
18343	18343
18343	18212
18343	6112
18212	6112
6112	6112
18375	18375
18375	18306
29391	18398
29390	18398
29404	18398
18450	18398
18487	18487
18487	18200
18514	19067
7232	18557
9476	18636
11500	18636
18635	18635
18635	18634
18635	13525
18635	18633
18635	10993
18635	9476
18635	2757
18635	11500
18634	13525
18634	10993
18634	9476
18634	2757
13525	13525
13525	10993
13525	9476
13525	2757
13525	11500
18633	13525
18633	10993
18633	9476
18633	2757
18633	11500
10993	10993
10993	9476
10993	2757
10993	11500
9476	18635
9476	18634
9476	13525
9476	18633
9476	10993
9476	9476
9476	2757
9476	11500
2757	9476
2757	2757
2757	11500
11500	18635
11500	13525
11500	18633
11500	10993
11500	9476
11500	2757
18712	18712
18712	18711
18755	18755
18755	18754
18755	18753
18755	18752
18754	18753
18754	18752
18753	18752
18765	18765
18765	18764
18888	18888
18888	18887
18888	18886
18887	18887
18887	18886
8547	18999
18998	18998
18998	18997
18998	9481
18998	8547
18998	2346
18997	9481
18997	8547
18997	2346
9481	8547
9481	2346
8547	18998
8547	18997
8547	9481
8547	8547
8547	2346
2346	8547
19091	19091
19091	19090
19140	19144
19139	19144
19143	19141
19142	19141
19140	19139
19140	19143
19140	9513
19139	19143
19139	9513
19143	19140
19143	19139
19143	19143
19143	19142
19143	9513
19142	19140
19142	19139
19142	9513
19203	27959
5022	19231
19203	28006
19202	28006
19202	28003
19202	28000
19203	27978
19237	19237
19237	19236
19237	19235
19237	19234
19236	19236
19236	19235
19236	19234
19235	19234
19374	19374
19374	19372
19587	19587
19587	19578
19703	19703
19703	13153
19703	23963
19703	23962
19703	13150
13153	13153
13153	23963
13153	23962
13153	13150
23963	19703
23963	13153
23963	23963
23963	23962
23963	13150
23962	19703
23962	13153
23962	13150
19703	23964
13153	23964
23963	23961
23962	23961
19759	31279
19759	10177
20806	19759
20806	10177
10177	19759
10177	10177
19768	19768
19768	19767
19767	19767
19771	19771
19771	19861
19771	19770
19861	19771
19861	19861
19861	19770
19771	19862
19835	19835
19835	19748
19748	19748
19853	19853
19853	19852
19852	19852
19931	19931
19931	19930
19931	19915
19930	19915
19915	19915
20116	23262
20241	23262
1606	23262
707	23262
20169	20169
20169	20168
20280	20280
20280	20180
20280	20178
20180	20178
20297	20297
20297	20296
20296	20296
20339	20339
20339	20333
20470	20470
20470	20447
20470	5019
20447	5019
20576	20576
20576	20575
20664	20664
20664	20663
20664	20660
20663	20660
20681	20681
20681	20671
20681	20670
20681	4619
20671	20681
20671	20671
20671	20670
20671	4619
20670	20681
20670	4619
20691	20691
20691	20690
20691	20688
20691	20687
20691	20686
20691	19769
20690	20688
20690	20687
20690	20686
20690	19769
20688	20691
20688	20690
20688	20688
20688	20687
20688	20686
20688	19769
20687	20691
20687	20690
20687	20686
20687	19769
20686	20691
20686	20690
20686	19769
5122	20868
5151	20868
20867	20867
20867	20866
20867	5640
20867	5122
20867	5151
20867	20865
20866	5640
20866	5122
20866	5151
20866	20865
5640	5122
5640	5151
5122	20867
5122	20866
5122	5122
5122	5151
5122	20865
5151	20867
5151	20866
5151	5122
5151	5151
5151	20865
20865	5640
20865	5122
20865	5151
2039	20879
1114	20879
20910	20910
20910	20909
20910	20895
20910	20896
20910	20893
20909	20895
20909	20896
20909	20893
20895	20909
20895	20893
20896	20910
20896	20909
20896	20895
20896	20896
20896	20893
20893	20909
20987	20996
20997	20996
20990	20996
20985	20996
20983	20996
20987	20997
20987	20991
20987	20990
20987	20986
20987	20985
20987	20983
20987	20984
20987	20992
20987	20995
20987	20994
20987	20993
20997	20987
20997	20991
20997	20990
20997	20988
20997	20986
20997	20985
20997	20983
20997	20984
20997	20992
20997	20995
20997	20994
20997	20993
20991	20987
20991	20997
20991	20990
20991	20988
20991	20986
20991	20985
20991	20983
20991	20984
20991	20995
20991	20994
20991	20993
20990	20987
20990	20986
20990	20985
20990	20983
20990	20984
20990	20995
20990	20994
20990	20993
20988	20987
20988	20995
20988	20994
20986	20995
20985	20997
20985	20991
20985	20990
20985	20983
20985	20984
20985	20992
20985	20995
20985	20994
20985	20993
20983	20997
20983	20991
20983	20990
20983	20995
20983	20994
20983	20993
20984	20983
20992	20987
20992	20991
20992	20990
20992	20988
20992	20985
20992	20983
20992	20984
20992	20992
20992	20995
20992	20994
20992	20993
20995	20987
20995	20997
20995	20991
20995	20990
20995	20988
20995	20986
20995	20985
20995	20983
20995	20984
20995	20992
20995	20995
20995	20994
20995	20993
20994	20987
20994	20997
20994	20991
20994	20990
20994	20988
20994	20986
20994	20985
20994	20983
20994	20984
20994	20992
20994	20994
20994	20993
20993	20987
20993	20997
20993	20991
20993	20990
20993	20988
20993	20985
20993	20983
20993	20992
20993	20993
21044	21062
21061	21011
21061	21044
21044	21011
21044	21044
21044	21067
21101	21104
21100	21104
21103	21103
21103	21101
21103	21100
21103	19732
21103	7969
21101	21103
21101	21101
21101	21100
21101	19732
21101	7969
21100	21103
21100	19732
21100	7969
7969	21101
7969	21100
21181	21181
21181	21180
21181	21179
21181	21178
21181	21177
21180	21180
21180	21179
21180	21178
21180	21177
21179	21178
21179	21177
21185	21189
7997	21189
21186	21186
21186	21185
21186	21182
21186	10259
21186	7997
21185	21185
21185	21182
21185	10259
21185	7997
21182	21182
21182	10259
21182	7997
10259	7997
7997	21186
7997	21185
7997	21182
7997	10259
7997	7997
21224	21224
21224	21223
21224	21222
21224	21221
21224	21220
21223	21222
21223	21221
21223	21220
21222	21221
21222	21220
21227	21227
21227	21226
21296	21296
21296	21295
21295	21295
21307	21307
21307	21306
21380	21380
21380	21370
21370	21370
21434	33221
21447	21447
21447	21446
21454	21454
21454	21453
21454	21452
21453	21452
21459	21459
21459	11207
11207	11207
15425	21498
21497	21496
21497	15425
21496	15425
15425	15425
21601	21601
21601	21600
21601	21599
21601	21598
21600	21599
21600	21598
21599	21598
21713	21713
21713	21682
21834	21834
21834	21833
21834	21803
21833	21803
21895	21895
21895	21894
21895	21893
21895	7413
21894	21894
21894	21893
21894	7413
21893	7413
21912	21909
21911	21909
19151	21909
21910	21909
4133	21909
21937	21937
21937	21936
21937	21935
21937	21934
21937	21933
21936	21935
21936	21934
21936	21933
21935	21934
21935	21933
4358	21964
5102	21964
4381	21964
21985	21985
21985	21984
21984	21984
21995	21995
21995	18012
18012	18012
22002	22002
22002	16623
16623	16623
22018	22020
22019	22019
22019	22018
22019	22017
22019	22016
22019	22001
22018	22018
22018	22017
22018	22016
22018	22001
22017	22016
22017	22001
22016	22001
22127	22127
22127	22126
22127	22125
22127	22124
22126	22125
22126	22124
22125	22124
22144	22144
22144	22140
3675	24266
22251	22251
22251	14917
22251	6548
22251	3675
22251	5735
14917	14917
14917	6548
14917	3675
14917	5735
6548	6548
6548	3675
6548	5735
3675	22251
3675	14917
3675	6548
3675	3675
3675	5735
5735	3675
5735	5735
7481	22335
7358	22335
22405	32056
22403	32056
32055	22406
32054	22406
22405	22405
22405	22403
22405	32055
22405	32054
22405	22404
22403	32055
22403	32054
32055	22405
32055	22403
32055	32055
32055	32054
32055	22404
32054	22405
32054	22403
32054	32054
32054	22404
22404	22403
22429	12646
22429	5234
29727	22429
29727	29727
29727	29726
29727	15725
29727	12646
29727	5234
29726	29726
29726	15725
29726	12646
29726	5234
15725	12646
15725	5234
12646	22429
12646	29727
12646	29726
12646	12646
12646	5234
5234	29727
5234	29726
5234	15725
5234	12646
5234	5234
12646	29728
5234	29728
22563	22563
22563	22562
22563	22561
22563	22560
22562	22562
22562	22561
22562	22560
22561	22560
18644	22594
5905	22614
22612	22610
22612	5719
22612	5905
22611	22610
22611	5719
22611	5905
22610	5719
22610	5905
5719	5719
5719	5905
5905	22612
5905	22611
5905	22610
5905	5719
5905	5905
22656	22656
22656	22655
22656	22654
22656	10992
22655	22654
22655	10992
22654	10992
22677	22677
22677	22676
22680	22680
22680	22679
22700	22700
22700	22699
22700	22698
22699	22698
22702	22702
22702	18549
18549	18549
22716	22716
22716	22660
22716	22659
22716	22658
22660	22659
22660	22658
22659	22658
22902	22902
22902	22901
22902	22900
22902	22875
22902	22874
22902	22873
22901	22901
22901	22900
22901	22875
22901	22874
22901	22873
22900	22875
22900	22874
22900	22873
22875	22902
22875	22901
22875	22900
22875	22875
22875	22874
22875	22873
22874	22902
22874	22901
22874	22900
22874	22873
22873	22901
22920	22920
22920	22919
22925	22925
22925	11867
22925	11866
22925	5188
22925	5242
11867	22925
11867	11867
11867	11866
11867	5188
11867	5242
11866	22925
11866	5188
5188	11867
5188	5188
5242	11867
5242	5188
5188	28354
5242	28354
15569	22943
15568	22943
15567	22943
22942	22942
22942	21201
22942	20796
22942	15569
22942	15568
22942	15567
22942	7093
21201	20796
21201	15569
21201	15568
21201	15567
21201	7093
20796	15569
20796	7093
15569	22942
15569	21201
15569	20796
15569	15569
15569	15568
15569	15567
15569	7093
15568	22942
15568	21201
15568	20796
15568	15568
15568	15567
15568	7093
15567	22942
15567	21201
15567	20796
15567	7093
23024	23024
23024	8957
23024	1944
8957	8957
8957	1944
1944	23024
1944	28448
23027	23027
23027	22983
23027	22982
22983	22982
23047	23047
23047	23046
23047	23045
23047	6187
23046	23045
23046	6187
23045	6187
23087	23087
23087	6062
29406	23087
29406	29406
29406	6062
6062	6062
23123	23123
23123	23122
23123	13332
23122	13332
23126	23126
23126	23125
23126	20780
23126	945
23126	3138
23125	20780
23125	945
23125	3138
20780	20780
20780	945
20780	3138
945	3138
3138	23126
3138	23125
3138	20780
3138	945
3138	3138
945	28299
3138	28299
23143	23143
23143	19382
23324	23324
23324	23323
23323	23323
23338	23338
23338	23320
23320	23320
23344	23344
23344	23329
23344	5482
23329	23329
23329	5482
5482	5482
23447	23447
23447	20789
23447	20791
20789	20789
20789	20791
20791	20789
20791	20791
13539	23460
12741	23460
23459	23459
23459	23458
23459	22907
23459	5399
23459	13539
23459	20506
23459	12741
23458	22907
23458	5399
23458	13539
23458	20506
23458	12741
22907	22907
22907	5399
22907	13539
22907	20506
22907	12741
13539	23459
13539	23458
13539	13539
13539	20506
13539	12741
20506	5399
20506	13539
20506	20506
20506	12741
12741	23459
12741	23458
12741	22907
12741	5399
12741	13539
12741	20506
23481	23481
23481	23479
23481	23478
23481	23472
23479	23478
23479	23472
23478	23472
23607	23607
23607	27840
23607	27836
23607	27834
23607	27833
23607	14534
27840	23607
27840	27840
27840	27836
27840	27834
27840	27833
27840	14534
27840	27835
27836	23607
27836	27834
27836	27833
27836	14534
27836	27835
27834	23607
27833	23607
27833	27840
27833	14534
14534	23607
14534	27840
14534	14534
14534	27835
27835	23607
27835	27840
27835	27834
27835	27833
27835	14534
27835	27835
23666	23666
23666	23665
23665	23665
23710	23710
23710	23692
23692	23692
23738	23738
23738	23720
23720	23720
23791	23795
23790	23795
23794	23794
23794	23793
23794	23792
23794	23269
23794	23219
23794	23791
23794	23790
23794	23216
23793	23792
23793	23269
23793	23219
23793	23791
23793	23790
23793	23216
23792	23269
23792	23219
23792	23791
23792	23790
23792	23216
23269	23269
23269	23219
23269	23791
23269	23790
23269	23216
23219	23791
23219	23790
23219	23216
23791	23794
23791	23793
23791	23269
23791	23219
23791	23791
23791	23790
23791	23216
23790	23794
23790	23793
23790	23269
23790	23219
23790	23216
23882	31856
20269	23891
23298	23891
23898	23900
23899	23899
23899	23898
23899	23702
23898	23898
23898	23702
23702	23702
23912	23912
23912	23450
23924	23924
23924	23923
23923	23923
23928	23917
23930	23930
23930	23929
23930	23917
23929	23929
23929	23917
24067	24067
24067	24066
23991	24106
13938	24106
24241	28310
24241	24241
24241	24242
24241	20959
24242	24241
24241	28311
24242	28314
24241	28313
4257	24252
24256	24256
24256	24255
24256	24254
24255	24255
24255	24254
24280	24280
24280	13600
13600	13600
24319	24319
24319	24318
24328	24328
24328	24327
24328	18083
24327	18083
18083	18083
24338	24338
24338	21947
21947	21947
24421	24421
24421	24420
24421	24419
24421	12930
24420	24419
24420	12930
24419	12930
24447	24447
24447	24446
24446	24446
24498	24498
24498	24497
24046	24529
24044	24529
24528	24528
24528	24527
24528	24045
24528	24046
24528	24044
24527	24527
24527	24045
24527	24046
24527	24044
24046	24528
24046	24527
24046	24045
24046	24046
24046	24044
24044	24528
24044	24527
24538	24538
24538	24526
24526	24526
24558	24558
24558	22754
24673	24678
24673	24673
24673	24677
24673	24676
24673	20177
24677	24673
24677	24677
24677	24676
24677	20177
24676	24673
24676	20177
24723	24723
24723	24722
24723	20372
24722	20372
20372	20372
4749	27782
24805	24805
24805	24804
24805	19928
24804	19928
19928	19928
24812	24812
24812	24811
24812	24810
24812	20279
24811	24810
24811	20279
24810	20279
24817	24817
24817	24816
24817	24815
24817	20124
24816	24815
24816	20124
24815	20124
24926	24926
24926	24925
24925	24925
24957	24957
24957	24956
25023	25023
25023	14514
14514	14514
25077	25077
25077	23579
23579	23579
25099	25099
25099	25098
25099	20247
25098	20247
25114	25114
25114	25113
25114	25112
25114	24648
25113	25112
25113	24648
25112	24648
25139	25139
25139	25138
25138	25138
25147	25147
25147	25146
25150	25156
25151	25151
25151	25149
25151	25150
25150	25149
25150	25150
25169	25169
25169	25168
25169	20609
25168	20609
25243	25243
25243	25242
25243	21968
25243	16948
25242	25242
25242	21968
25242	16948
21968	21968
21968	16948
16948	16948
6516	25251
25250	25250
25250	18189
25250	18649
25250	14826
25250	6516
18189	18189
18189	14826
18189	6516
18649	18189
18649	18649
18649	14826
18649	6516
14826	14826
14826	6516
6516	25250
6516	6516
25352	25353
25352	25352
25352	25351
25352	18108
25351	18108
25375	25375
25375	13615
25376	25376
25376	25560
25561	25376
25561	25561
25561	25560
25560	25376
25376	25562
25378	25378
25378	23281
23281	23281
25493	25493
25493	25492
25501	25501
25501	24943
24943	24943
25506	25506
25506	9139
9139	9139
25548	25548
25548	25547
25565	25565
25565	23238
25565	23187
23238	23238
23238	23187
23187	23187
25568	25568
25568	23386
23386	23386
26880	25657
21150	25657
11290	25657
25656	25656
25656	25655
25656	25653
25656	6055
25656	775
25656	26880
25656	21150
25656	11290
25656	7533
25655	25653
25655	6055
25655	775
25655	26880
25655	21150
25655	11290
25655	7533
25653	6055
25653	775
25653	26880
25653	21150
25653	11290
25653	7533
6055	21150
775	26880
775	21150
775	11290
26880	25656
26880	25655
26880	25653
26880	6055
26880	775
26880	26880
26880	21150
26880	11290
26880	7533
21150	25656
21150	25655
21150	25653
21150	6055
21150	775
21150	21150
21150	11290
21150	7533
11290	25656
11290	25655
11290	25653
11290	6055
11290	775
11290	21150
11290	11290
11290	7533
7533	6055
7533	775
7533	26880
7533	21150
7533	11290
7533	7533
25669	25669
25669	25491
25491	25491
25678	25678
25678	25677
25686	25686
25686	25673
25713	25713
25713	25712
25750	25757
25749	25757
25756	25751
19663	25751
25770	25770
25770	25768
25770	16280
25768	16280
25791	25791
25791	25790
25790	25790
25793	25793
25793	16285
16285	16285
8573	25809
21198	25878
25867	25866
25867	21198
25866	21198
21198	25866
21198	21198
25915	25915
25915	3254
3254	3254
25930	25930
25930	3537
3537	3537
25938	25938
25938	3589
25938	26762
25938	26761
3589	26762
3589	26761
26762	25938
26762	3589
26762	26762
26762	26761
26762	25939
26761	25938
26761	3589
26761	26761
26761	25939
25939	25938
25939	3589
26762	25957
26761	25957
25938	26763
3589	26763
25970	25970
25970	25969
25969	25969
26020	26020
26020	26019
26019	26019
26030	26030
26030	26029
26117	26117
26117	26115
26115	26115
26705	26222
26705	26705
26705	26218
26705	26708
26229	26229
26229	26094
26363	26446
26363	26442
26363	26441
26363	26440
26363	26439
26363	26438
26363	26436
26363	26435
26363	26434
26363	26433
26363	26431
26363	26429
26363	26427
26363	26426
26363	26421
26363	26413
26365	26365
26365	26437
26365	3604
26437	26365
26437	26437
26437	3604
26365	26438
26389	26389
26389	26388
26389	26387
26388	26388
26388	26387
26484	26484
26484	26223
26223	26223
26490	26490
26490	26489
26490	3345
26489	3345
3345	3345
3345	26797
26506	26505
26506	1000
26512	26512
26512	26511
26512	26510
26512	26504
26512	26503
26511	26510
26511	26504
26511	26503
26510	26504
26510	26503
26540	26549
26539	26549
26538	26549
26537	26549
26542	26549
26548	26548
26548	26547
26548	26546
26548	26544
26548	26543
26548	26540
26548	26539
26548	26538
26548	26537
26548	16389
26548	26542
26547	26546
26547	26544
26547	26543
26547	26540
26547	26539
26547	26538
26547	26537
26547	16389
26547	26542
26546	26544
26546	26543
26546	26540
26546	26539
26546	26538
26546	26537
26546	16389
26546	26542
26544	26540
26544	26538
26544	26537
26544	16389
26544	26542
26543	26540
26543	26539
26543	16389
26543	26542
26540	26548
26540	26547
26540	26546
26540	26544
26540	26543
26540	26540
26540	26539
26540	26538
26540	26537
26540	16389
26540	26542
26539	26548
26539	26547
26539	26546
26539	26544
26539	26543
26539	26539
26539	26538
26539	26537
26539	16389
26539	26542
26538	26548
26538	26547
26538	26546
26538	26544
26538	26543
26538	26537
26538	16389
26538	26542
26537	26548
26537	26547
26537	26546
26537	26544
26537	26543
26537	16389
26537	26542
26542	26548
26542	26547
26542	26546
26542	26540
26542	26539
26542	26538
26542	26537
26542	26542
26555	26555
26555	26554
26555	26553
26555	26552
26555	26551
26554	26553
26554	26552
26554	26551
26553	26552
26553	26551
26610	26610
26610	26609
26610	3460
26609	3460
3460	3460
26643	26643
26643	26640
26643	11237
11237	11237
26647	26647
26647	26646
26657	26657
26657	26656
26657	26653
26656	26653
26688	26688
26688	26687
26688	4776
26687	4776
4776	4776
26718	26718
26718	16002
26719	26718
26719	26719
26719	16002
16002	26718
16002	16002
26718	26748
26726	26726
26726	6601
6601	6601
26765	26768
26764	26768
26765	26765
26765	26764
26765	8516
26765	8510
26765	8475
26764	26764
26764	8516
26764	8510
26764	8475
8516	8510
8516	8475
26773	26773
26773	26772
26773	8450
26773	3184
26772	8450
26772	3184
8450	3184
3184	3184
26783	26783
26783	26782
26783	26781
26783	26780
26783	26779
26782	26781
26782	26780
26782	26779
26781	26780
26781	26779
26786	26788
26787	3416
26789	26789
26789	26788
26789	26785
26788	26788
26788	26785
26785	26788
26794	26794
26794	26793
26794	26792
26793	26792
26099	26803
26098	26803
26802	26802
26802	26801
26802	26099
26802	26098
26802	3591
26801	26099
26801	26098
26801	3591
26099	26802
26099	26801
26099	26099
26099	26098
26099	3591
26098	26802
26098	26801
26098	26098
26098	3591
5150	26885
26899	26903
26898	26903
26902	26900
26901	26900
26899	26899
26899	26898
26899	26206
26899	26902
26899	26901
26898	26206
26898	26902
26898	26901
26902	26899
26902	26898
26902	26206
26902	26902
26902	26901
26901	26899
26901	26898
26901	26901
26921	26921
26921	26920
26921	25956
26920	25956
26923	26923
26923	25857
25857	25857
26937	26937
26937	26936
26937	3418
26936	3418
26940	26940
26940	26939
26940	22322
26939	22322
22322	22322
10907	26947
904	26947
197	26947
26954	26954
26954	26953
26954	26952
26954	26951
26954	3120
26953	26952
26953	26951
26953	3120
26952	26951
26952	3120
26951	3120
3120	3120
26959	26959
26959	26958
26959	26957
26958	26957
26964	26964
26964	26963
26963	26963
26966	3896
26972	26972
26972	26971
26972	3551
26971	3551
3551	3551
26986	26986
26986	18586
18586	18586
27031	27031
27031	27030
27031	6425
27030	6425
6425	6425
27036	27036
27036	27035
27036	27034
27036	27033
27036	3827
27035	27034
27035	27033
27035	3827
27034	27033
27034	3827
13677	27055
13717	27055
27092	27092
27092	27091
27092	13722
27091	13722
27095	27095
27095	27094
27095	13744
27094	13744
27102	27102
27102	27101
27102	20904
27101	20904
27106	27109
27106	27106
27106	27108
27106	27105
27108	27106
27108	27108
27108	27105
27117	27117
27117	27116
27117	27115
27116	27116
27116	27115
27126	27126
27126	27125
27126	27124
27126	27123
27126	19375
27125	27125
27125	27124
27125	27123
27125	19375
27124	27123
27124	19375
27123	19375
27162	27162
27162	20903
27162	20902
27162	20894
27162	2881
20903	27162
20903	20903
20903	20902
20903	20894
20903	2881
20902	27162
20902	20894
20902	2881
20894	2881
2881	20903
2881	20902
2881	2881
20903	27163
20902	27163
27186	27186
27186	27185
27186	20917
27185	20917
27250	27226
27250	27249
27250	27224
27249	27226
27249	27224
27261	27226
27261	27250
27261	27249
27250	28790
27249	28790
27250	28788
27249	28788
27228	27228
27228	28820
27228	28819
27228	27221
28820	27228
28820	28820
28820	28819
28820	27221
28820	27229
28819	27228
28819	27221
28819	27229
27229	27228
27229	28820
27229	28819
27229	27221
27229	27229
27228	28821
27229	28821
27236	27236
27236	27222
27348	27348
27348	27336
27336	27336
27461	27461
27461	27460
27461	27459
27461	27458
27461	27457
27461	27456
27461	22705
27460	27459
27460	27458
27460	27457
27460	27456
27460	22705
27459	27458
27459	27457
27459	27456
27459	22705
27458	27456
27458	22705
27457	22705
27492	27492
27492	5840
5840	5840
27506	27506
27506	27505
27720	27720
27720	27690
27768	27768
27768	27767
27768	24258
27767	24258
24258	24258
27777	27781
27775	27781
27774	27781
27777	27777
27777	27780
27777	27779
27777	23840
27777	23845
27777	27775
27777	27774
27780	27777
27780	27780
27780	27779
27780	23840
27780	23845
27780	27775
27780	27774
27779	27777
27779	23840
27779	23845
27779	27775
27779	27774
23840	27775
27775	27777
27775	27780
27775	27779
27775	23840
27775	23845
27775	27775
27775	27774
27774	27777
27774	27780
27774	27779
27774	23840
27774	23845
27774	27774
1530	27820
27819	27819
27819	27818
27819	1530
27819	27817
27818	1530
27818	27817
1530	27818
1530	1530
1530	27817
27817	1530
27860	27860
27860	27859
27860	21330
27860	21329
27860	2424
27859	27859
27859	21330
27859	21329
27859	2424
21330	21329
21330	2424
21329	21330
21329	2424
27914	28020
27926	27926
27926	27925
27926	19171
27925	19171
19171	19171
27972	27972
27972	27971
27972	27970
27971	27971
27971	27970
27919	28021
28020	28020
28020	28019
28020	27919
28019	27919
27919	28020
28020	28022
28106	28106
28106	19181
28106	19174
19181	19181
19181	19174
28140	28140
28140	28139
28140	28134
28139	28134
28223	28223
28223	28222
28223	25640
28222	25640
25640	28222
25640	25640
28283	28283
28283	27455
28328	28328
28328	28327
28328	25039
28327	25039
28360	28360
28360	25011
28360	24853
28360	28359
28360	28358
28360	21204
25011	28360
25011	25011
25011	24853
25011	28359
25011	28358
25011	21204
24853	28360
24853	24853
24853	28359
24853	28358
24853	21204
28359	25011
28359	24853
28359	28359
28359	28358
28359	21204
28358	25011
28358	24853
28358	21204
21204	25011
28365	28365
28365	28364
28365	16565
28365	16567
28365	16564
28364	16565
28364	16567
28364	16564
16565	16564
16567	16565
16567	16567
16567	16564
28421	28421
28421	28420
28421	18528
28420	18528
18528	18528
28441	28441
28441	28440
28441	22991
28440	22991
22991	22991
28445	28445
28445	28444
28445	28443
28444	28443
28471	28471
28471	28470
28470	28470
28528	28528
28528	28527
28528	24010
28527	24010
28552	28552
28552	28551
28552	23965
28551	23965
23965	23965
28555	28558
28557	28556
28555	28555
28555	28557
28555	28554
28555	23966
28557	28555
28557	28557
28557	28554
28557	23966
28563	28563
28563	23973
23973	23973
28568	28567
28568	28566
28568	28565
28568	24089
28567	28566
28567	28565
28567	24089
28566	28565
28566	24089
28573	28573
28573	28571
28573	28570
28573	24029
28571	28573
28571	28571
28571	28570
28571	24029
28570	28573
28570	24029
28578	4976
4976	4976
28587	28587
28587	28586
28587	8415
28586	8415
28608	28608
28608	28607
28608	28606
28608	28605
28608	28604
28608	14464
28607	28606
28607	28605
28607	28604
28607	14464
28606	28605
28606	28604
28606	14464
28605	14464
28631	28631
28631	28630
28630	28630
28675	28675
28675	28674
28675	19147
28674	19147
19147	19147
28680	28680
28680	28679
28680	28678
28679	28678
28678	28678
28686	28690
28685	28690
28689	28687
28688	28687
28686	28686
28686	28685
28686	19544
28686	28689
28686	28688
28685	19544
28685	28689
28685	28688
28689	28686
28689	28685
28689	19544
28689	28689
28689	28688
28688	28686
28688	28685
28688	28688
28710	28710
28710	28709
28710	28708
28710	11541
28709	28708
28709	11541
28708	11541
11541	28718
28730	28730
28730	17165
17165	17165
28734	28734
28734	19385
28734	28733
19385	19385
19385	28733
28733	19385
28733	28733
28765	28765
28765	28764
28765	11489
28764	11489
28768	28768
28768	28767
28768	1992
28767	1992
28832	28832
28832	27255
28832	27217
27255	27217
28844	28843
28844	27270
28843	27270
28847	28847
28847	27262
28847	27220
27262	27262
27262	27220
21372	28947
28951	28951
28951	24509
28951	12563
24509	24509
24509	12563
12563	12563
26861	28962
28961	28961
28961	26861
28961	26860
28961	6452
26861	28961
26861	26861
26861	26860
26861	6452
26860	6452
28969	28968
28969	28967
28969	28966
28969	8344
28968	28967
28968	28966
28968	8344
28967	8344
28966	8344
8344	8344
28996	28996
28996	28995
28996	28994
28996	28993
28996	28992
28996	21388
28995	28994
28995	28993
28995	28992
28995	21388
28994	28993
28994	28992
28994	21388
28993	21388
28992	21388
21388	21388
29007	14214
29007	29006
14214	14214
14214	29006
29006	14214
29006	29006
29006	32046
29026	29030
29025	29030
29026	29025
29026	29021
29026	29018
29026	29019
29025	29021
29025	29018
29025	29019
29021	29018
29021	29019
29048	29050
29045	29050
29047	29049
29045	29049
29048	29048
29048	29047
29048	29046
29048	16350
29048	29045
29047	29048
29047	29047
29047	29046
29047	16350
29047	29045
29046	29045
29045	29048
29045	29045
29052	29052
29052	29051
29052	16361
29051	16361
29089	29089
29089	29088
29089	29087
29089	22096
29088	29087
29088	22096
29087	22096
29130	29130
29130	29129
29130	29128
29130	4865
29129	29128
29129	4865
29128	4865
29197	29197
29197	14991
29197	1449
14991	14991
14991	1449
1449	14991
1449	1449
29204	29204
29204	29203
29204	20295
29203	20295
29217	29217
29217	29216
29217	24531
29216	24531
117	29227
98	29227
29293	29293
29293	29292
29293	25006
29292	25006
29303	29303
29303	29302
29303	24964
29302	24964
29313	29312
29313	29311
29313	29310
29313	29309
29312	29311
29312	29310
29312	29309
29311	29309
29334	29334
29334	29333
29334	29332
29333	29332
29336	29330
29336	19068
29336	29351
19067	29343
29340	29343
29342	29342
29342	29341
29342	19045
29342	19067
29342	29340
29341	19045
29341	19067
29341	29340
19045	19067
19067	29342
19067	29341
19067	19045
19067	19067
19067	29340
29340	19067
29340	29340
29348	29348
29348	29347
29348	29346
29348	29345
29348	29344
29347	29346
29347	29345
29347	29344
29346	29345
29346	29344
29355	29357
29325	29357
29355	29355
29355	29325
29355	29320
29355	19033
29355	19031
29355	14291
29325	29320
29325	19033
29325	19031
29325	14291
19033	14291
19031	14291
14291	29355
14291	29325
14291	14291
29374	29374
29374	29373
29374	29372
29374	29371
29374	21140
29373	29372
29373	29371
29373	21140
29372	29371
29372	21140
12272	29379
4540	29379
4835	29379
29384	29384
29384	18349
29384	18208
18349	18208
29414	29414
29414	29413
29414	29412
29414	18301
29413	29412
29413	18301
29412	18301
29453	29725
12820	29725
29453	29453
29453	29452
29453	29451
29453	12820
29453	12450
29452	29451
29452	12820
29452	12450
29451	12450
29472	29472
29472	12431
12431	12431
29481	29481
29481	29480
29481	15184
29480	15184
15184	15184
29513	29513
29513	29512
29517	29721
29557	29557
29557	29556
29652	29651
29652	27368
29651	27368
29711	29711
29711	29710
29711	12506
29710	12506
12506	12506
29723	29723
29723	29722
29723	12684
29722	12684
12684	12684
29735	29739
29734	29739
29738	29738
29738	29737
29738	29735
29738	29734
29738	1818
29737	29735
29737	29734
29737	1818
29735	29738
29735	29737
29735	29735
29735	29734
29735	1818
29734	29738
29734	29737
29734	1818
29791	29791
29791	29790
29791	29789
29791	12171
29790	29789
29790	12171
29789	12171
12171	12171
29826	29828
29825	29828
26119	29827
26116	29827
29826	29826
29826	29825
29826	29824
29826	26144
29826	29821
29826	26118
29826	26119
29826	26116
29825	29824
29825	26144
29825	29821
29825	26118
29825	26119
29825	26116
29824	29821
29824	26118
29824	26119
29824	26116
26144	26116
29821	26144
26119	29826
26119	29825
26119	26116
26116	29826
26116	29825
29833	29833
29833	29832
29833	29831
29833	29830
29833	21891
29832	29831
29832	29830
29832	21891
29831	29830
29831	21891
29830	21891
21891	21891
29855	29855
29855	29854
29855	29853
29855	29852
29855	29851
29854	29853
29854	29852
29854	29851
29853	29852
29853	29851
29852	29851
29861	29861
29861	29860
29861	21733
29860	21733
21733	21733
29863	29863
29863	26157
29863	26124
29863	7697
29863	7695
29863	5826
29863	7651
26157	29863
26157	26157
26157	26124
26157	7697
26157	7695
26157	5826
26157	7651
26124	29863
26124	26124
26124	7697
26124	7695
26124	5826
26124	7651
7695	26157
5826	26157
7651	26157
7651	5826
29863	29864
26157	29864
26124	29864
29941	29941
29941	29097
29097	29097
29987	29987
29987	29986
29987	22496
29986	22496
30089	30089
30089	30088
30089	30087
30088	30087
30445	30445
30445	30444
30445	30443
30444	30443
30643	30643
30643	30642
27490	31162
27488	31162
31161	31161
31161	31160
31161	27491
31161	27490
31161	27489
31161	27488
31161	27487
31160	31160
31160	27491
31160	27490
31160	27489
31160	27488
31160	27487
27491	27490
27491	27489
27491	27488
27491	27487
27490	27489
27490	27488
27490	27487
31194	31194
31194	23116
23116	23116
31220	31220
31220	31219
31220	31218
31220	8394
31219	31218
31219	8394
31218	8394
9118	31266
31232	31242
31232	31234
31232	12338
31232	9118
12338	9118
31253	31251
14763	31251
31250	31250
31250	31249
31250	14622
31250	31253
31250	14763
31249	14622
31249	31253
31249	14763
31253	31250
31253	31249
31253	14622
31253	31253
31253	14763
14763	31250
14763	31249
14763	14622
14763	14763
31250	31254
31249	31254
31270	31278
31269	31278
31272	31278
31277	31277
31277	31276
31277	31275
31277	31271
31277	31270
31277	31269
31277	31272
31276	31275
31276	31271
31276	31270
31276	31269
31276	31272
31275	31271
31275	31270
31275	31269
31275	31272
31270	31277
31270	31276
31270	31275
31270	31269
31269	31277
31269	31276
31269	31275
31272	31277
31272	31276
31272	31275
31272	31271
31272	31270
31272	31269
31272	31272
31295	31295
31295	31294
31295	31293
31295	31292
31295	31291
31294	31293
31294	31292
31294	31291
31293	31292
31293	31291
31311	31313
31311	31311
31311	28723
31312	31311
31312	31312
31312	28723
28723	31311
28723	28723
8155	31316
31315	31314
31315	8155
31314	8155
31318	31318
31318	14947
14947	14947
31333	31333
31333	31332
31332	31332
31346	31346
31346	31345
31346	5564
31345	5564
31411	31411
31411	31410
31411	31409
31411	31407
31411	15251
31410	31409
31410	31407
31410	15251
31409	31407
31409	15251
31417	31423
31422	31422
31422	31421
31422	31419
31422	31418
31422	31417
31422	31416
31422	31415
31422	15188
31421	31421
31421	31419
31421	31418
31421	31417
31421	31416
31421	31415
31421	15188
31419	31417
31419	31416
31419	31415
31419	15188
31418	31416
31418	31415
31418	15188
31417	31422
31417	31416
31417	31415
31417	15188
31426	31426
31426	31425
31426	31424
31426	22528
31426	22488
31425	31424
31425	22528
31425	22488
31424	22528
31424	22488
22528	22488
22528	31482
22488	31482
31432	31432
31432	31431
31432	22483
31431	22483
31435	31435
31435	22567
31435	22486
22567	22567
22567	22486
31463	31463
31463	31467
31463	31466
31463	31465
31463	11657
31467	31463
31467	31467
31467	31466
31467	31465
31467	11657
31466	31463
31466	31466
31466	31465
31466	11657
31465	31463
31465	11657
31471	31470
31471	31469
31471	10859
31470	31469
31470	10859
31469	10859
10859	10859
31462	31478
31477	31477
31477	31476
31477	31462
31477	31475
31477	31461
31476	31462
31476	31475
31476	31461
31462	31477
31462	31461
31475	31462
31489	31489
31489	29988
29988	29988
31513	31513
31513	31512
31513	15364
31512	15364
31517	31517
31517	31516
31517	22515
31516	22515
31522	31522
31522	31520
31522	31519
31520	31520
31520	31519
31525	31525
31525	31524
31525	31523
31525	31521
31525	22491
31524	31523
31524	31521
31524	22491
31523	31523
31523	31521
31523	22491
31521	22491
31532	31532
31532	31531
31532	31530
31532	29942
31531	31530
31531	29942
31530	29942
29942	29942
31546	31546
31546	31545
31546	30839
31545	30839
31557	31557
31557	29005
31565	31571
31570	31570
31570	31569
31570	31567
31570	31566
31570	31565
31569	31567
31569	31566
31569	31565
31567	31565
31565	31570
31573	31573
31573	31572
31573	4966
31572	4966
31575	31575
31575	30649
30649	30649
31580	31580
31580	16211
16211	16211
31588	31588
31588	31594
31588	2353
31588	2352
31588	2304
31588	2308
31588	2307
31588	2297
31588	2298
31588	2282
31588	2281
31594	31588
31594	31594
31594	2353
31594	2352
31594	2304
31594	2308
31594	2307
31594	2297
31594	2298
31594	2282
31594	2281
2353	2352
2353	2304
2353	2308
2353	2307
2353	2297
2353	2298
2353	2282
2353	2281
2352	2307
2352	2297
2352	2298
2352	2282
2352	2281
2308	31588
2308	31594
2308	2304
2308	2308
2308	2307
2308	2297
2308	2298
2308	2282
2308	2281
2307	31588
2307	31594
2307	2304
2307	2297
2307	2298
2307	2282
2307	2281
2297	31588
2297	31594
2297	2353
2297	2352
2298	31594
2298	2353
2298	2308
2298	2307
2298	2297
2282	31588
2282	31594
2282	2353
2282	2352
2282	2308
2282	2307
2282	2282
2282	2281
2281	31588
2281	31594
2281	2353
2281	2352
2281	2308
2281	2307
31812	31824
31811	31824
27822	31824
31809	31824
31812	27822
31812	31809
31812	31823
31812	31822
31812	31810
31811	27822
31811	31809
31811	31823
31811	31822
31811	31810
27822	31811
27822	27822
27822	31809
27822	31823
27822	31822
27822	31821
31809	27822
31809	31823
31809	31822
31809	31821
31809	31820
31823	31812
31823	31811
31823	27822
31823	31809
31823	31823
31823	31822
31823	31821
31823	31810
31823	31820
31822	31812
31822	31811
31822	27822
31822	31809
31822	31821
31822	31810
31822	31820
31821	31812
31821	31811
31821	27822
31821	31809
31821	31810
31821	31820
31810	27822
31810	31809
31820	31812
31820	31811
31820	27822
31820	31809
31816	31816
31816	31815
31816	31814
31816	31813
31816	31704
31815	31814
31815	31813
31815	31704
31814	31813
31814	31704
31935	31935
31935	31934
31935	18881
31934	18881
31969	31973
31971	31969
31971	27863
31969	27863
31993	31993
31993	31992
31993	27893
31992	27893
5515	32000
31999	31999
31999	31997
31999	31996
31999	5515
31999	5514
31997	5515
31997	5514
31996	5514
5515	5514
32003	32003
32003	32002
32003	27867
32002	27867
32029	32029
32029	11458
11458	11458
32039	32043
32038	32043
32042	32040
32041	32040
32039	32039
32039	32038
32039	32042
32039	32041
32039	17849
32038	32042
32038	32041
32038	17849
32042	32039
32042	32038
32042	32042
32042	32041
32042	17849
32041	32039
32041	32038
32041	17849
9732	32049
32051	32051
32051	32050
32051	5045
32050	5045
5045	5045
32058	32058
32058	32057
32058	9267
32057	9267
32074	32074
32074	32073
32074	23614
32074	32072
32073	23614
32073	32072
23614	32074
23614	23614
23614	32072
32072	23614
23679	32079
23678	32079
32078	32078
32078	32077
32078	23679
32078	23678
32078	23676
32077	23679
32077	23678
32077	23676
23679	32078
23679	32077
23679	23679
23679	23678
23679	23676
23678	32078
23678	32077
23678	23678
23678	23676
32091	32091
32091	32090
32091	32089
32091	23639
32090	32089
32090	23639
32089	23639
32103	32103
32103	32102
32103	13816
32102	13816
32106	32106
32106	7881
7881	7881
32111	32111
32111	32110
32111	32109
32111	10295
32110	32109
32110	10295
32109	10295
32118	32118
32118	32117
32118	32116
32118	12017
32117	32116
32117	12017
32116	12017
32121	32124
32123	32123
32123	32122
32123	32121
32123	24186
32122	32122
32122	32121
32122	24186
32121	32123
32121	32121
32121	24186
24186	24186
32127	32127
32127	32126
32127	32125
32127	27806
32126	32125
32126	27806
32125	27806
32278	32278
32278	24227
24227	24227
32293	32297
32296	32296
32296	32294
32296	10678
32296	32293
32294	10678
32294	32293
10678	32293
32293	32296
32293	10678
32298	32301
32298	32298
32298	32291
32298	32289
32298	32288
32298	32287
32291	32298
32291	32289
32291	32288
32291	32287
32332	32332
32332	32331
32332	32330
32332	32328
32331	32330
32331	32328
32330	32328
32328	32385
32327	32335
32326	32335
32334	32334
32334	32333
32334	32327
32334	32326
32334	14103
32333	32327
32333	32326
32333	14103
32327	32334
32327	32333
32327	32326
32327	14103
32326	32334
32326	32333
32326	14103
32339	32339
32339	14078
14078	14078
32357	32357
32357	32356
32357	14063
32356	14063
32360	32360
32360	32359
32360	14278
32359	14278
14418	32382
14084	32382
14418	32381
14084	32381
32397	32397
32397	32396
32397	14425
32396	14425
32417	32417
32417	32416
32431	32431
32431	32430
32431	19651
32430	19651
19651	19651
32433	32433
32433	19698
32433	19634
19698	19634
32436	32436
32436	32435
32436	24174
32435	24174
32486	32486
32486	32485
32486	29856
32485	29856
29856	29856
32505	32505
32505	32504
32507	32507
32507	9397
32519	32518
32519	32517
32519	32516
32519	32515
32518	32517
32518	32516
32518	32515
32517	32515
32630	32630
32630	32629
32630	2185
32629	2185
32633	32633
32633	2129
2129	2129
32656	32656
32656	32655
32656	32653
32656	24569
32655	32653
32655	24569
32659	32662
32658	32662
32660	26723
32660	32659
32660	32658
32661	32660
32661	26723
32661	32659
32661	32658
26723	32659
26723	32658
32659	32661
32659	26723
32659	32659
32659	32658
32658	32661
32658	26723
15035	32670
15022	32670
32717	32717
32717	32716
32717	14822
32716	14822
32726	32726
32726	32678
32726	14989
32726	14847
32726	14926
32726	14925
32726	14924
32726	14809
32726	32677
32678	32678
32678	14989
32678	14847
32678	14926
32678	14925
32678	14924
32678	14809
32678	32677
14989	14924
14989	14809
14847	14925
14847	32677
14926	32726
14926	32678
14926	14926
14926	14925
14926	14924
14926	14809
14926	32677
14925	32726
14925	32678
14925	14989
14925	14847
14925	14925
14925	14924
14925	14809
14925	32677
14924	32726
14924	32678
14924	14989
14924	14847
14924	14809
14924	32677
14809	32726
14809	14847
32677	32726
32677	14989
32677	14847
32677	14926
32677	14925
32677	14924
32677	14809
32677	32677
32732	32732
32732	32731
32732	32730
32732	14813
32731	32730
32731	14813
32730	14813
32753	32752
32753	9919
32752	9919
32785	32790
32789	32789
32789	32788
32789	32785
32789	32784
32789	9929
32788	32785
32788	32784
32788	9929
32785	32789
32785	32788
32785	32784
32785	9929
32802	32802
32802	32801
32802	9925
32801	9925
32811	32811
32811	32810
32811	9935
32810	9935
32821	32821
32821	32820
32821	32819
32821	32817
32821	32816
32821	32815
32821	16983
32820	32819
32820	32817
32820	32816
32820	32815
32820	16983
32819	32817
32819	32816
32819	32815
32819	16983
32817	32816
32817	32815
32817	16983
32816	16983
32815	32821
32815	32820
32815	32819
32815	32815
32815	16983
16983	32821
16983	32820
16983	32819
16983	16983
32826	32830
16971	32830
32829	32829
32829	32828
32829	16896
32829	32826
32829	16971
32828	16896
32828	32826
32828	16971
32826	32829
32826	32828
32826	16896
32826	32826
32826	16971
16971	32829
16971	32828
16971	16896
16971	16971
32832	32832
32832	32831
32832	16949
32831	16949
16949	16949
11040	32859
32858	32858
32858	32857
32858	32856
32858	15949
32858	11040
32857	32856
32857	15949
32857	11040
32856	15949
32856	11040
15949	15949
15949	11040
11040	32858
11040	32857
11040	32856
11040	15949
11040	11040
32861	32861
32861	16980
32861	16931
16980	16980
16980	16931
16931	16931
32864	32864
32864	32863
32864	17018
32863	17018
32866	32866
32866	21009
21009	21009
32871	32874
8323	32874
32871	32871
32871	32870
32871	32868
32871	8323
32872	32871
32872	32872
32872	32870
32872	32868
32872	8323
32870	32868
32870	8323
32868	8323
8323	32871
8323	32872
8323	32870
8323	8323
32893	32893
32893	32892
32893	24283
32892	24283
24283	24283
32909	32909
32909	32908
32909	26637
32908	26637
32912	32912
32912	32911
32912	24371
32911	24371
32917	32917
32917	32915
32917	32903
32915	32903
32920	32920
32920	32919
32920	11163
32919	11163
32948	32948
32948	32947
32948	32946
32948	32945
32948	4948
32947	32946
32947	32945
32947	4948
32946	32945
32946	4948
32971	32971
32971	32970
32971	23514
32970	23514
23514	23514
32974	32974
32974	32973
32974	11741
32973	11741
32979	32979
32979	32978
32979	11738
32979	32983
32979	32982
32979	11749
32979	11745
32978	11738
32978	32983
32978	32982
32978	11749
32978	11745
11738	32983
32983	32979
32983	32978
32983	11738
32983	32983
32983	32982
32983	11749
32983	11745
32982	32979
32982	32978
32982	11738
32982	32982
32982	11749
32982	11745
11749	32979
11749	11745
11745	32979
11745	32983
11745	32982
11745	11745
33035	33035
33035	33034
33035	7031
33034	7031
7031	7031
33039	33039
33039	33038
33039	26508
33039	33042
33039	33041
33039	33037
33038	33038
33038	26508
33038	33042
33038	33041
33038	33037
26508	33042
26508	33041
33042	33039
33042	33038
33042	26508
33042	33042
33042	33041
33042	33037
33041	33039
33041	33038
33041	26508
33041	33037
33037	26508
33111	33111
33111	33110
33111	33108
33111	17347
33110	33108
33110	17347
33108	17347
33140	33140
33140	33139
33140	13261
33139	13261
33145	33145
33145	33144
33145	33143
33145	33142
33145	32064
33144	33143
33144	33142
33144	32064
33143	33142
33143	32064
33161	33161
33161	33160
33161	13312
33160	13312
33173	33173
33173	33172
33173	26250
33172	26250
33176	33176
33176	33175
33176	5849
33175	5849
33186	33186
33186	33185
33186	33183
33186	33182
33186	33181
33185	33185
33185	33183
33185	33182
33185	33181
33183	33182
33183	33181
33181	33186
33181	33185
33181	33181
33200	33200
33200	33199
33223	33227
31495	33227
31494	33227
33239	33239
33239	33238
33239	21810
33238	21810
21810	33239
21810	21810
21562	33244
33242	33242
33242	33241
33242	21562
33241	21562
21562	21562
33256	33256
33256	33255
33256	21772
33255	21772
33290	33294
31506	33294
33293	33293
33293	33292
33293	33289
33293	33290
33293	31506
33292	33289
33292	33290
33292	31506
33290	33293
33290	33292
33290	33289
33290	33290
33290	31506
31506	33293
31506	33292
31506	31506
33298	33298
33298	33297
33298	33296
33298	21794
33297	33296
33297	21794
33296	21794
33303	33303
33303	33302
33303	33301
33303	31468
33302	33301
33302	31468
33301	31468
31468	31468
33336	33336
33336	33335
33336	33334
33336	33333
33336	33332
33335	33334
33335	33333
33335	33332
33334	33333
33334	33332
33341	33341
33341	33340
33341	33310
33340	33310
33343	33343
33343	21640
21640	21640
33345	33345
33345	21618
21618	21618
33350	33350
33350	33349
33350	33348
33349	33348
33353	33353
33353	31158
31158	31158
33359	33359
33359	33358
33359	4906
33358	4906
33373	33373
33373	33372
33373	33371
33373	33370
33373	33369
33372	33371
33372	33370
33372	33369
33371	33370
33371	33369
28182	33377
33376	33376
33376	33375
33376	28182
33375	28182
28182	28182
33379	33379
33379	33378
33379	26995
33378	26995
33423	33423
33423	33422
33423	33382
33422	33382
33427	33427
33427	33425
33427	21160
33425	21160
33431	33431
33431	33430
33431	9670
33430	9670
5012	33450
33447	5012
33447	13243
5012	33447
5012	33449
5012	33448
5012	13243
33449	33447
33449	5012
33449	33449
33449	33448
33449	13243
33448	33447
33448	5012
33448	13243
13243	5012
33455	33455
33455	33454
33455	14648
33454	14648
33460	33460
33460	33459
33460	33458
33460	33457
33460	14674
33459	33458
33459	33457
33459	14674
33458	33457
33458	14674
27388	33465
33463	27414
33463	27393
33463	27388
27414	27414
27414	33464
27414	27393
27414	27388
33464	33463
33464	27414
33464	33464
33464	27393
33464	27388
27393	27388
27388	33463
27388	27414
27388	33464
27388	27388
33476	33480
33475	33480
33479	33479
33479	33478
33479	33476
33479	33475
33479	6182
33478	33476
33478	33475
33478	6182
33476	33479
33476	33478
33476	33476
33476	33475
33476	6182
33475	33479
33475	33478
33475	6182
33482	33482
33482	33481
33482	9771
33481	9771
9771	9771
33487	33487
33487	33486
33487	33485
33487	6317
33487	6316
33486	33485
33486	6317
33486	6316
33485	6317
33485	6316
6317	6316
33502	33502
33502	33501
33502	33500
33502	33496
33502	33498
33502	33497
33502	33495
33502	33494
33502	33493
33502	33492
33502	33491
33502	33490
33502	33489
33502	6515
33501	33500
33501	33496
33501	33498
33501	33497
33501	33495
33501	33494
33501	33493
33501	33492
33501	33491
33501	33490
33501	33489
33501	6515
33500	33496
33500	33498
33500	33497
33500	33495
33500	33494
33500	33493
33500	33492
33500	33491
33500	33490
33500	33489
33500	6515
33496	33491
33496	33490
33496	33489
33496	6515
33498	33502
33498	33501
33498	33500
33498	33496
33498	33498
33498	33497
33498	33495
33498	33494
33498	33493
33498	33492
33498	33491
33498	33490
33498	33489
33498	6515
33497	33502
33497	33501
33497	33500
33497	33496
33497	33495
33497	33494
33497	33493
33497	33492
33497	33491
33497	33490
33497	33489
33497	6515
33495	33502
33495	33501
33495	33500
33495	33494
33495	33493
33495	33492
33495	33491
33495	33490
33495	33489
33495	6515
33494	33502
33494	33501
33494	33500
33494	33493
33494	33491
33494	33490
33494	33489
33494	6515
33493	33502
33493	33501
33493	33500
33493	33496
33493	33497
33493	33495
33493	33493
33493	33492
33493	33491
33493	33490
33493	33489
33493	6515
33492	33502
33492	33501
33492	33500
33492	33496
33492	33497
33492	33495
33492	33492
33492	33491
33492	33490
33492	33489
33492	6515
33491	33502
33491	33501
33491	33500
33490	33502
33490	33501
33490	33500
33489	33502
33489	33501
33489	33500
6515	33502
6515	33501
6515	33500
6515	33498
6515	33497
6515	33495
6515	33494
6515	33493
6515	6515
33506	33506
33506	33505
33506	23090
33505	23090
33530	33530
33530	33529
33530	33528
33530	21012
33529	33528
33529	21012
33528	21012
33553	33553
33553	33552
33553	13489
33552	13489
33555	33555
33555	13443
13443	13443
33560	33560
33560	33559
33560	23718
33559	23718
23718	23718
33584	33584
33584	19402
33584	19390
33584	19384
19402	33584
19402	19402
19402	19390
19402	19384
19390	33584
19390	19384
33634	33634
33634	14539
14539	14539
33637	33637
33637	20739
33637	20740
33637	20738
20740	33637
20740	20739
20740	20740
20740	20738
20738	33637
33671	33671
33671	33658
33671	18761
33671	33657
33671	33656
33671	18707
33658	18761
33658	33657
33658	33656
33658	18707
18761	33657
18761	33656
18761	18707
33657	33671
33657	18761
33657	33657
33657	33656
33657	18707
33656	33671
33656	18761
33656	18707
18707	33671
18707	18761
33683	33683
33683	33682
33683	20834
33682	20834
20834	20834
33690	33690
33690	33689
33690	33688
33690	23918
33689	33688
33689	23918
33688	23918
